100 1884 578 427124
200 4350 1350 294896
300 7098 2216 83489
400 9993 3131 390560
500 12822 4024 147108
600 16056 5052 181108
700 19095 6015 215189
800 22332 7044 243537
900 25473 8041 200018
1000 28689 9063 203385
1100 32154 10168 221513
1200 35433 11211 325294
1300 38826 12292 236149
1400 42423 13441 253342
1500 45795 14515 278900
1600 49404 15668 335224
1700 52836 16762 367386
1800 56337 17879 366972
1900 59784 18978 386925
2000 63339 20113 376773
2100 67029 21293 368192
2200 70845 22515 379704
2300 74589 23713 445253
2400 78243 24881 390926
2500 81771 26007 382862
2600 85575 27225 500414
2700 89331 28427 522648
2800 93060 29620 543932
2900 97023 30891 529827
3000 100530 32010 453806
3100 104292 33214 421499
3200 108147 34449 417412
3300 112077 35709 448844
3400 115836 36912 506208
3500 119898 38216 488771
3600 123690 39430 500993
3700 127347 40599 7458774
3800 131085 41795 3064329
3900 135126 43092 451773
4000 139083 44361 444599
4100 142968 45606 488419
4200 146559 46753 560929
4300 150819 48123 585342
4400 154449 49283 749284
4500 158649 50633 492476
4600 162876 51992 578217
4700 166803 53251 649591
4800 170814 54538 649976
4900 175020 55890 527638
5000 178317 56939 697622
5100 182838 58396 705365
5200 187020 59740 692426
5300 191202 61084 896899
5400 195261 62387 1028448
5500 199035 63595 821237
5600 202998 64866 776601
5700 207210 66220 884821
5800 211080 67460 904156
5900 215397 68849 1056367
6000 219180 70060 1010021
6100 223623 71491 683766
6200 227547 72749 987612
6300 231912 74154 809314
6400 235803 75401 899842
6500 240225 76825 1187532
6600 244134 78078 706028
6700 248016 79322 756071
6800 252195 80665 766454
6900 256401 82017 1153083
7000 260652 83384 794279
7100 264591 84647 800672
7200 268812 86004 810469
7300 272553 87201 811942
7400 277230 88710 814857
7500 281295 90015 838362
7600 285639 91413 847446
7700 289434 92628 867391
7800 294078 94126 890570
7900 297684 95278 898787
8000 302289 96763 903918
8100 305994 97948 877072
8200 310266 99322 928863
8300 314373 100641 952167
8400 318621 102007 964817
8500 322800 103350 920807
8600 327393 104831 927513
8700 331326 106092 988805
8800 335775 107525 999542
8900 340092 108914 1023998
9000 344223 110241 1035818
9100 348585 111645 1039379
9200 353028 113076 1045395
9300 357459 114503 1071767
9400 362247 116049 1077539
9500 365739 117163 1035038
9600 370308 118636 1044001
9700 374598 120016 1062474
9800 379059 121453 1075221
9900 383211 122787 1102444
10000 387459 124153 1163279
100 1929 593 7335
200 4410 1370 20313
300 7074 2208 24768
400 9906 3102 34490
500 12807 4019 40899
600 15945 5015 54747
700 19155 6035 75911
800 22317 7039 87137
900 25449 8033 95813
1000 28698 9066 102542
1100 32103 10151 128250
1200 35367 11189 137051
1300 38901 12317 115786
1400 42321 13407 132025
1500 45933 14561 140886
1600 49434 15678 146965
1700 52803 16751 155343
1800 56391 17897 210486
1900 59760 18970 211752
2000 63519 20173 217301
2100 67269 21373 236820
2200 70809 22503 243926
2300 74340 23630 252848
2400 78078 24826 262983
2500 81993 26081 261048
2600 85623 27241 284154
2700 89502 28484 290006
2800 93207 29669 321360
2900 97002 30884 311292
3000 100533 32011 301285
3100 104568 33306 355517
3200 108297 34499 408588
3300 112221 35757 365844
3400 115944 36948 375570
3500 119706 38152 350843
3600 123867 39489 394039
3700 127218 40556 415920
3800 131085 41795 416393
3900 135159 43103 475602
4000 138915 44305 403154
4100 142842 45564 423235
4200 146931 46877 427125
4300 150663 48071 435282
4400 154749 49383 448498
4500 158439 50563 504040
4600 162831 51977 497888
4700 166590 53180 519574
4800 170793 54531 522648
4900 174825 55825 536424
5000 178911 57137 539742
5100 182907 58419 523102
5200 186951 59717 577673
5300 190998 61016 578533
5400 195003 62301 945495
5500 198774 63508 567771
5600 203091 64897 578839
5700 207123 66191 589206
5800 211350 67550 601458
5900 215301 68817 615736
6000 219471 70157 623503
6100 223503 71451 632690
6200 227703 72801 646388
6300 231876 74142 663746
6400 236160 75520 671164
6500 240045 76765 735617
6600 244212 78104 695110
6700 248337 79429 815625
6800 252462 80754 752709
6900 256476 82042 758706
7000 260727 83409 791974
7100 264408 84586 753149
7200 268941 86047 1144480
7300 273105 87385 773732
7400 277182 88694 791149
7500 281181 89977 799026
7600 285468 91356 815241
7700 289455 92635 823578
7800 293715 94005 844539
7900 297648 95266 844745
8000 301449 96483 859634
8100 305928 97926 874665
8200 310317 99339 888142
8300 314673 100741 1064120
8400 318789 102063 901335
8500 323475 103575 918220
8600 327468 104856 975428
8700 331722 106224 992941
8800 336249 107683 1007695
8900 339921 108857 1023583
9000 344463 110321 1562734
9100 348675 111675 1034853
9200 352812 113004 1107542
9300 357438 114496 1108555
9400 361479 115793 1082942
9500 366174 117308 1087874
9600 370515 118705 1096339
9700 374307 119919 1109395
9800 379143 121481 1114962
9900 382791 122647 1108634
10000 387768 124256 1104129
100 1863 571 7382
200 4407 1369 20596
300 7035 2195 28500
400 9951 3117 39353
500 12855 4035 45050
600 15987 5029 55039
700 19161 6037 64347
800 22269 7023 73290
900 25491 8047 87132
1000 28818 9106 129676
1100 32091 10147 103821
1200 35490 11230 110592
1300 38898 12316 121833
1400 42438 13446 131945
1500 45963 14571 139792
1600 49413 15671 151229
1700 52929 16793 159601
1800 56412 17904 195969
1900 59877 19009 267631
2000 63534 20178 188548
2100 67020 21290 224645
2200 70878 22526 239379
2300 74415 23655 258910
2400 78135 24845 269211
2500 81969 26073 278655
2600 85695 27265 291065
2700 89661 28537 301226
2800 93165 29655 273328
2900 97212 30954 289281
3000 100776 32092 289566
3100 104508 33286 522627
3200 108540 34580 541118
3300 112131 35727 540185
3400 116154 37018 564079
3500 119718 38156 575413
3600 123450 39350 356193
3700 127509 40653 374744
3800 131394 41898 390641
3900 135162 43104 441706
4000 139080 44360 442576
4100 143178 45676 452515
4200 146634 46778 464324
4300 150918 48156 470648
4400 154986 49462 518279
4500 158823 50691 511030
4600 162762 51954 589931
4700 166740 53230 527841
4800 170637 54479 568469
4900 174897 55849 537865
5000 178641 57047 592147
5100 182754 58368 523012
5200 186894 59698 588291
5300 190770 60940 589485
5400 195042 62314 881250
5500 199149 63633 626632
5600 203172 64924 930053
5700 206925 66125 1026172
5800 211293 67531 628701
5900 215289 68813 964660
6000 219798 70266 962733
6100 223476 71442 998108
6200 227562 72754 1071564
6300 231771 74107 1043687
6400 235959 75453 962633
6500 240240 76830 1012543
6600 244329 78143 1089230
6700 247905 79285 1004871
6800 252471 80757 720863
6900 256122 81924 782354
7000 260721 83407 791426
7100 264591 84647 1216755
7200 269013 86071 1227569
7300 272937 87329 780189
7400 277017 88639 788512
7500 281058 89936 809023
7600 285249 91283 824150
7700 289179 92543 831761
7800 293739 94013 834152
7900 297615 95255 849016
8000 301704 96568 880445
8100 305994 97948 866916
8200 310029 99243 885478
8300 314388 100646 954997
8400 318453 101951 945336
8500 322701 103317 946521
8600 327351 104817 959574
8700 331674 106208 970591
8800 335763 107521 992047
8900 340323 108991 998368
9000 344391 110297 1228944
9100 348636 111662 989363
9200 353133 113111 1009703
9300 357636 114562 1014880
9400 361671 115857 1034691
9500 365862 117204 1038937
9600 370122 118574 1052015
9700 374691 120047 1062626
9800 378825 121375 1074821
9900 383226 122792 1088983
10000 387528 124176 1108230
100 1899 583 9639
200 4374 1358 19757
300 7149 2233 29808
400 9867 3089 38293
500 12852 4034 45107
600 16020 5040 64369
700 19095 6015 63646
800 22311 7037 72360
900 25536 8062 82238
1000 28725 9075 91742
1100 31983 10111 102380
1200 35538 11246 110587
1300 38955 12335 120496
1400 42354 13418 130681
1500 45801 14517 140362
1600 49236 15612 148860
1700 52752 16734 164987
1800 56514 17938 170294
1900 59922 19024 190605
2000 63348 20116 191377
2100 67008 21286 202958
2200 70842 22514 294363
2300 74445 23665 247114
2400 77979 24793 261287
2500 81906 26052 268857
2600 85689 27263 280694
2700 89259 28403 260109
2800 93051 29617 272594
2900 96969 30873 283997
3000 100803 32101 291087
3100 104469 33273 307994
3200 108189 34463 317204
3300 112248 35766 327988
3400 115902 36934 339891
3500 120063 38271 350045
3600 123438 39346 360281
3700 127284 40578 370551
3800 131445 41915 383462
3900 134874 43008 393173
4000 138810 44270 403387
4100 142848 45566 426174
4200 146994 46898 430694
4300 150576 48042 441232
4400 154932 49444 449988
4500 158880 50710 459332
4600 162411 51837 469711
4700 166764 53238 482300
4800 170679 54493 500197
4900 174747 55799 502932
5000 178848 57116 518116
5100 182868 58406 528057
5200 187005 59735 537113
5300 191142 61064 543582
5400 194865 62255 559338
5500 198909 63553 570477
5600 203004 64868 588097
5700 207048 66166 591571
5800 211344 67548 605179
5900 215847 68999 623772
6000 219573 70191 628455
6100 223452 71434 737147
6200 227757 72819 686246
6300 231966 74172 699212
6400 235698 75366 670826
6500 239850 76700 710561
6600 243660 77920 724396
6700 248025 79325 731303
6800 252576 80792 762170
6900 256260 81970 792383
7000 260730 83410 740088
7100 264393 84581 858708
7200 268839 86013 797887
7300 272952 87334 804433
7400 276930 88610 842436
7500 280923 89891 846688
7600 285186 91262 857032
7700 289548 92666 1037991
7800 293454 93918 838654
7900 298083 95411 852985
8000 301698 96566 863287
8100 305868 97906 868873
8200 310563 99421 941827
8300 314307 100619 936334
8400 318573 101991 944741
8500 323085 103445 976909
8600 327330 104810 972371
8700 331689 106213 994909
8800 335742 107514 1001511
8900 339882 108844 1660304
9000 344853 110451 976072
9100 348564 111638 993741
9200 353412 113204 1003557
9300 357312 114454 1011388
9400 361686 115862 1028479
9500 365757 117169 1036081
9600 370392 118664 1048298
9700 374646 120032 1117028
9800 378759 121353 1079243
9900 383046 122732 1131377
10000 387837 124279 1115622
100 1848 566 9909
200 4419 1373 20283
300 7062 2204 27550
400 9960 3120 37464
500 12831 4027 45235
600 15972 5024 53819
700 19035 5995 62406
800 22248 7016 72396
900 25518 8056 82616
1000 28743 9081 92718
1100 32190 10180 102139
1200 35433 11211 111102
1300 38814 12288 125676
1400 42231 13377 130634
1500 45768 14506 140608
1600 49422 15674 151008
1700 52881 16777 160320
1800 56454 17918 171200
1900 59934 19028 260689
2000 63423 20141 187282
2100 67161 21337 199925
2200 70842 22514 215230
2300 74475 23675 273002
2400 78096 24832 277087
2500 81936 26062 278668
2600 85569 27223 289351
2700 89220 28390 301236
2800 93354 29718 318046
2900 97068 30906 322501
3000 100614 32038 333377
3100 104541 33297 359955
3200 108291 34497 360368
3300 112317 35789 371935
3400 115899 36933 509439
3500 120024 38258 484813
3600 123612 39404 359276
3700 127359 40603 368903
3800 131481 41927 379127
3900 134877 43009 389713
4000 138924 44308 398178
4100 143031 45627 414245
4200 146772 46824 422634
4300 150630 48060 434170
4400 154704 49368 443855
4500 158568 50606 505032
4600 162573 51891 674393
4700 166731 53227 474896
4800 170745 54515 494325
4900 175089 55913 499661
5000 178845 57115 516245
5100 182733 58361 575809
5200 186759 59653 589605
5300 190851 60967 588859
5400 194928 62276 605137
5500 198849 63533 629097
5600 203046 64882 822975
5700 207069 66173 591574
5800 211458 67586 604599
5900 215295 68815 619245
6000 219687 70229 642866
6100 223479 71443 645153
6200 227649 72783 660141
6300 231693 74081 662615
6400 235794 75398 677981
6500 239865 76705 692930
6600 244428 78176 707646
6700 247950 79300 713357
6800 252309 80703 724237
6900 255993 81881 1123838
7000 260583 83361 743308
7100 264882 84744 752449
7200 269064 86088 821969
7300 272988 87346 820322
7400 276954 88618 829108
7500 281148 89966 862606
7600 285249 91283 857905
7700 289464 92638 1404595
7800 293619 93973 887405
7900 297624 95258 887730
8000 301914 96638 901169
8100 305991 97947 903556
8200 310329 99343 896903
8300 314439 100663 1017867
8400 319107 102169 917842
8500 323025 103425 956626
8600 327264 104788 965478
8700 331224 106058 987364
8800 335976 107592 985029
8900 340335 108995 1002060
9000 344754 110418 1021539
9100 348750 111700 1030081
9200 353145 113115 1042880
9300 357870 114640 1054820
9400 361725 115875 1067695
9500 366282 117344 1085633
9600 370443 118681 1094793
9700 374742 120064 1099266
9800 378978 121426 1103759
9900 383211 122787 1095637
10000 387912 124304 1181419
100 1908 586 9710
200 4347 1349 19533
300 7089 2213 28025
400 9978 3126 35869
500 12906 4052 47806
600 15945 5015 71800
700 19176 6042 71168
800 22269 7023 84803
900 25503 8051 102781
1000 28677 9059 118573
1100 32118 10156 117107
1200 35466 11222 123837
1300 38898 12316 133925
1400 42402 13434 153253
1500 45942 14564 141118
1600 49341 15647 149653
1700 52830 16760 160187
1800 56505 17935 225393
1900 59916 19022 196912
2000 63408 20136 207083
2100 67038 21296 247669
2200 70845 22515 234853
2300 74544 23698 252077
2400 78084 24828 296864
2500 82032 26094 274103
2600 85515 27205 286940
2700 89433 28461 294783
2800 93177 29659 305514
2900 97077 30909 320583
3000 100410 31970 330195
3100 104637 33329 336121
3200 108192 34464 345728
3300 112002 35684 476027
3400 115965 36955 505204
3500 119679 38143 508073
3600 123579 39393 544563
3700 127251 40567 412704
3800 131193 41831 420850
3900 135276 43142 434344
4000 139137 44379 444956
4100 142752 45534 456701
4200 146754 46818 464434
4300 150801 48117 475013
4400 154731 49377 489352
4500 158823 50691 456768
4600 162996 52032 467853
4700 166665 53205 486629
4800 170931 54577 491032
4900 174648 55766 504336
5000 178938 57146 514781
5100 182802 58384 528858
5200 186786 59662 575286
5300 190791 60947 584126
5400 194970 62290 593121
5500 199020 63590 600962
5600 203151 64917 648222
5700 207294 66248 628077
5800 211596 67632 644083
5900 215373 68841 668440
6000 219210 70070 678373
6100 223884 71578 637634
6200 227505 72735 693543
6300 231669 74073 720943
6400 235902 75434 719104
6500 239970 76740 726851
6600 244113 78071 751332
6700 247839 79263 749527
6800 252273 80691 760694
6900 256455 82035 775610
7000 260580 83360 783401
7100 264741 84697 802068
7200 269232 86144 802291
7300 273144 87398 806030
7400 277329 88743 820457
7500 281379 90043 832621
7600 285171 91257 859211
7700 289761 92737 883575
7800 293529 93943 866905
7900 297561 95237 880592
8000 301893 96631 895619
8100 305904 97918 922461
8200 310491 99397 934420
8300 314934 100828 1166299
8400 318555 101985 957070
8500 322737 103329 962507
8600 327147 104749 986157
8700 331245 106065 991297
8800 336240 107680 959331
8900 340461 109037 1021570
9000 344343 110281 1033726
9100 348690 111680 1216021
9200 353001 113067 1041347
9300 356793 114281 1053722
9400 361962 115954 1646730
9500 365769 117173 1640140
9600 370038 118546 1092489
9700 374463 119971 1110601
9800 379005 121435 1111739
9900 383070 122740 1133859
10000 387690 124230 1135527
100 1887 579 9490
200 4389 1363 21030
300 7056 2202 27200
400 9930 3110 36579
500 12879 4043 47718
600 15921 5007 53657
700 19173 6041 62795
800 22323 7041 72530
900 25686 8112 82158
1000 28725 9075 91970
1100 32190 10180 100621
1200 35547 11249 112640
1300 38850 12300 120609
1400 42504 13468 129869
1500 45879 14543 141097
1600 49440 15680 151073
1700 52707 16719 160872
1800 56610 17970 208834
1900 59970 19040 205016
2000 63564 20188 214805
2100 66891 21247 224342
2200 70854 22518 232620
2300 74547 23699 261214
2400 78243 24881 233353
2500 81915 26055 243466
2600 85674 27258 252980
2700 89676 28542 266315
2800 93174 29658 275247
2900 97008 30886 292056
3000 100569 32023 296814
3100 104541 33297 345098
3200 108459 34553 556954
3300 112251 35767 321166
3400 115818 36906 500996
3500 119652 38134 389315
3600 123645 39415 362494
3700 127557 40669 459825
3800 131241 41847 379508
3900 134844 42998 387456
4000 139014 44338 409068
4100 142848 45566 465918
4200 146595 46765 466865
4300 150609 48053 438084
4400 154656 49352 493155
4500 158877 50709 499055
4600 162789 51963 517321
4700 167019 53323 520523
4800 170715 54505 534161
4900 174948 55866 542593
5000 178680 57060 555307
5100 182886 58412 567055
5200 186771 59657 894395
5300 190782 60944 898011
5400 194940 62280 917191
5500 199308 63686 940364
5600 202935 64845 937954
5700 207483 66311 987089
5800 211074 67458 1021969
5900 215337 68829 667595
6000 219291 70097 670328
6100 223539 71463 679192
6200 227181 72627 700465
6300 231681 74077 709994
6400 235875 75425 1160347
6500 240138 76796 682826
6600 244188 78096 1054120
6700 248037 79329 749048
6800 252387 80729 758883
6900 256386 82012 775310
7000 260388 83296 1238593
7100 264444 84598 1053129
7200 269064 86088 785453
7300 272613 87221 1180109
7400 277290 88730 893504
7500 281175 89975 904723
7600 285534 91378 823575
7700 289719 92723 835099
7800 294087 94129 870464
7900 297765 95305 905581
8000 301974 96658 908925
8100 306147 97999 909745
8200 310305 99335 931699
8300 314406 100652 1135335
8400 318855 102085 951754
8500 323406 103552 1015834
8600 327147 104749 936051
8700 331716 106222 1421470
8800 336186 107662 976980
8900 340014 108888 970856
9000 344451 110317 980468
9100 348882 111744 1485332
9200 353250 113150 1038659
9300 357426 114492 1209816
9400 361488 115796 1076988
9500 365868 117206 1116342
9600 370596 118732 1178289
9700 374868 120106 1115041
9800 378549 121283 1118613
9900 383415 122855 1136004
10000 387375 124125 1141997
100 1944 598 9993
200 4407 1369 20027
300 7134 2228 32934
400 10002 3134 45807
500 12840 4030 47359
600 16068 5056 59435
700 19086 6012 63173
800 22326 7042 73039
900 25377 8009 81345
1000 28815 9105 117438
1100 32079 10143 122688
1200 35592 11264 130310
1300 39060 12370 146081
1400 42267 13389 130560
1500 45927 14559 142168
1600 49353 15651 179132
1700 52872 16774 187798
1800 56424 17908 199457
1900 59970 19040 209452
2000 63588 20196 225773
2100 67056 21302 236350
2200 70683 22461 225865
2300 74430 23660 260433
2400 78024 24808 260281
2500 81834 26028 272569
2600 85611 27237 281208
2700 89445 28465 294718
2800 92907 29569 305306
2900 96744 30798 314066
3000 100788 32096 324435
3100 104346 33232 309075
3200 108198 34466 359237
3300 112242 35764 351623
3400 115692 36864 349835
3500 119880 38210 404684
3600 123591 39397 392053
3700 127527 40659 446871
3800 131349 41883 419012
3900 135189 43113 479977
4000 139050 44350 429701
4100 142842 45564 463190
4200 146961 46887 432962
4300 150666 48072 486294
4400 154722 49374 473885
4500 158826 50692 478830
4600 163056 52052 503255
4700 166875 53275 506817
4800 170919 54573 538124
4900 174798 55816 545476
5000 179328 57276 565082
5100 182931 58427 552096
5200 186810 59670 620741
5300 190797 60949 724689
5400 195087 62329 720257
5500 199179 63643 618149
5600 203118 64906 600970
5700 207201 66217 602660
5800 211455 67585 647152
5900 215250 68800 632020
6000 219630 70210 673237
6100 223545 71465 663395
6200 227820 72840 654860
6300 231801 74117 721666
6400 235674 75358 709120
6500 239757 76669 751645
6600 243918 78006 712297
6700 248220 79390 772517
6800 252318 80706 724948
6900 256266 81972 801131
7000 260472 83324 786179
7100 264549 84633 809966
7200 268521 85907 803090
7300 273039 87363 926590
7400 276843 88581 847194
7500 281763 90171 850185
7600 285453 91351 876147
7700 289650 92700 874230
7800 293550 93950 890109
7900 297630 95260 941294
8000 302121 96707 916801
8100 305766 97872 970809
8200 310272 99324 927420
8300 314301 100617 942430
8400 318735 102045 1002739
8500 323052 103434 1113122
8600 327087 104729 1018564
8700 331863 106271 1030533
8800 335466 107422 975835
8900 339465 108705 1061567
9000 344253 110251 1099710
9100 348423 111591 1139844
9200 352893 113031 1097630
9300 357651 114567 1053954
9400 361716 115872 1093715
9500 366201 117317 1078782
9600 369933 118511 1121627
9700 374616 120022 1113564
9800 378582 121294 1088866
9900 383262 122804 1341259
10000 387453 124151 1489478
100 1920 590 10110
200 4434 1378 19868
300 7050 2200 29387
400 9939 3113 48679
500 12849 4033 59825
600 15930 5010 67797
700 19041 5997 79873
800 22305 7035 90786
900 25293 7981 108066
1000 28773 9091 116938
1100 32109 10153 124131
1200 35466 11222 138094
1300 38922 12324 121385
1400 42351 13417 163997
1500 45813 14521 175307
1600 49224 15608 179124
1700 52806 16752 227094
1800 56385 17895 210134
1900 59826 18992 217218
2000 63600 20200 288817
2100 66960 21270 205401
2200 70806 22502 246942
2300 74517 23689 225515
2400 78168 24856 267996
2500 81837 26029 279086
2600 85686 27262 343315
2700 89259 28403 282815
2800 93192 29664 346075
2900 96780 30810 373693
3000 100842 32114 325551
3100 104718 33356 344303
3200 108336 34512 415977
3300 112038 35696 403705
3400 115926 36942 488395
3500 119790 38180 451538
3600 123531 39377 419096
3700 127047 40499 450137
3800 131529 41943 461755
3900 135096 43082 566615
4000 138888 44296 425588
4100 142395 45415 527225
4200 146901 46867 470705
4300 150606 48052 512720
4400 154668 49356 508496
4500 158964 50738 467509
4600 163032 52044 520074
4700 166788 53246 521714
4800 170748 54516 534907
4900 174786 55812 543100
5000 178986 57162 553619
5100 183024 58458 556650
5200 187020 59740 568539
5300 190923 60991 582955
5400 195165 62355 563578
5500 198666 63472 603170
5600 202971 64857 627849
5700 207405 66285 638884
5800 211068 67456 681251
5900 215310 68820 646829
6000 219384 70128 777505
6100 223584 71478 738267
6200 227925 72875 711076
6300 232050 74200 757467
6400 235899 75433 692890
6500 239679 76643 835397
6600 243999 78033 729461
6700 248145 79365 798648
6800 252489 80763 865973
6900 256677 82109 1253840
7000 260349 83283 794532
7100 264543 84631 784506
7200 268815 86005 797712
7300 272547 87199 839240
7400 276993 88631 842577
7500 280929 89893 889098
7600 285336 91312 858774
7700 289482 92644 838714
7800 293979 94093 913123
7900 297606 95252 893224
8000 301674 96558 868987
8100 305943 97931 903981
8200 310215 99305 1072976
8300 314283 100611 949889
8400 318909 102103 958186
8500 322896 103382 990573
8600 327669 104923 1045613
8700 331881 106277 989634
8800 335799 107533 1015460
8900 340482 109044 1028591
9000 344187 110229 1027072
9100 348702 111684 999448
9200 352812 113004 1052339
9300 357309 114453 1135874
9400 361470 115790 1097230
9500 366249 117333 1086028
9600 370332 118644 1108773
9700 374403 119951 1340012
9800 379029 121443 1651928
9900 383490 122880 1183557
10000 387567 124189 1211412
100 1902 584 10495
200 4383 1361 16555
300 7083 2211 32543
400 10041 3147 40229
500 12846 4032 57211
600 15951 5017 62988
700 19080 6010 76797
800 22494 7098 91714
900 25464 8038 95120
1000 28791 9097 107144
1100 32118 10156 122446
1200 35475 11225 126816
1300 38895 12315 146203
1400 42240 13380 151666
1500 45834 14528 175228
1600 49344 15648 179841
1700 53142 16864 198862
1800 56259 17853 199478
1900 59892 19014 238559
2000 63456 20152 223626
2100 66987 21279 238718
2200 70932 22544 253544
2300 74388 23646 258989
2400 78279 24893 288916
2500 81996 26082 281053
2600 85620 27240 295351
2700 89322 28424 300667
2800 93186 29662 316724
2900 96921 30857 324466
3000 100482 31994 437430
3100 104571 33307 354865
3200 108393 34531 385516
3300 112239 35763 423080
3400 116034 36978 377729
3500 119988 38246 398608
3600 123453 39351 409991
3700 127458 40636 415410
3800 131427 41909 425278
3900 135180 43110 444802
4000 139098 44366 451633
4100 142680 45510 450633
4200 146820 46840 505379
4300 150738 48096 475324
4400 154803 49401 498006
4500 158742 50664 496691
4600 162774 51958 549121
4700 166797 53249 543450
4800 170856 54552 547870
4900 174825 55825 547785
5000 179085 57195 577347
5100 182694 58348 740753
5200 187134 59778 581960
5300 190839 60963 597400
5400 194922 62274 626436
5500 198984 63578 668287
5600 203214 64938 623931
5700 207438 66296 639120
5800 211158 67486 641666
5900 215601 68917 665823
6000 219528 70176 694984
6100 223869 71573 721967
6200 227661 72787 685903
6300 231489 74013 706088
6400 235710 75370 712332
6500 240024 76758 726270
6600 244179 78093 718348
6700 248190 79380 785524
6800 252039 80613 775111
6900 256569 82073 767157
7000 260688 83396 1114639
7100 264954 84768 813207
7200 268500 85900 817571
7300 272829 87293 1071569
7400 277362 88754 826892
7500 281106 89952 821435
7600 285372 91324 875290
7700 289614 92688 835020
7800 293664 93988 887813
7900 297792 95314 889961
8000 302214 96738 900982
8100 305838 97896 900302
8200 310197 99299 944144
8300 314145 100565 994326
8400 318558 101986 1016825
8500 323121 103457 938981
8600 327087 104729 1044154
8700 331461 106137 985856
8800 335856 107552 983145
8900 340128 108926 1014024
9000 344409 110303 1032228
9100 348786 111712 1028533
9200 352998 113066 1051954
9300 357318 114456 1089104
9400 361905 115935 1065132
9500 366267 117339 1077666
9600 370536 118712 1098381
9700 374664 120038 1104355
9800 378783 121361 1116123
9900 383946 123032 1124367
10000 387639 124213 1140407
