100 1929 593 517519
200 4293 1331 70655
300 7098 2216 84997
400 9912 3104 13479112
500 12888 4046 119164
600 16011 5037 132608
700 19158 6036 148086
800 22293 7031 170214
900 25419 8023 188294
1000 28728 9076 217886
1100 32004 10118 240894
1200 35523 11241 265095
1300 38988 12346 296310
1400 42564 13488 312432
1500 45675 14475 332045
1600 49407 15669 358370
1700 52878 16776 385411
1800 56448 17916 412303
1900 59766 18972 452808
2000 63528 20176 448342
2100 67098 21316 439313
2200 70995 22565 472826
2300 74394 23648 537673
2400 78243 24881 584759
2500 81918 26056 679129
2600 85455 27185 604022
2700 89319 28423 680033
2800 93108 29636 712369
2900 96930 30860 1943051
3000 100794 32098 540926
3100 104397 33249 527642
3200 108390 34530 542041
3300 112014 35688 542398
3400 115836 36912 570598
3500 119886 38212 589675
3600 123552 39384 548182
3700 127380 40610 545537
3800 131274 41858 28073783
3900 135117 43089 1527751
4000 138960 44320 687810
4100 142977 45609 702358
4200 146778 46826 703045
4300 150708 48086 3001584
4400 155100 49500 3113520
4500 158814 50688 590811
4600 162711 51937 666829
4700 166893 53281 683637
4800 170742 54514 786910
4900 175023 55891 802803
5000 178785 57095 881386
5100 182676 58342 7252739
5200 186930 59710 719701
5300 190827 60959 912393
5400 195051 62317 808192
5500 198780 63510 835944
5600 203076 64892 910315
5700 207195 66215 5969396
5800 211236 67512 5238261
5900 215256 68802 2982812
6000 219150 70050 1042631
6100 223350 71400 956364
6200 227766 72822 2724237
6300 231612 74054 1158937
6400 235620 75340 923553
6500 239982 76744 1043796
6600 244071 78057 1074037
6700 248589 79513 1053605
6800 252510 80770 1064269
6900 256512 82054 1091821
7000 260487 83329 1129721
7100 264678 84676 1258513
7200 268962 86054 1277975
7300 273168 87406 886539
7400 277455 88785 1243817
7500 281370 90040 1382286
7600 285267 91289 1079318
7700 289539 92663 1262507
7800 293757 94019 1268669
7900 297507 95219 1300277
8000 301758 96586 1315720
8100 306195 98015 1371010
8200 310317 99339 1506331
8300 314313 100621 978619
8400 318408 101936 1083427
8500 323466 103572 1029114
8600 327279 104793 1037518
8700 331638 106196 1085794
8800 336261 107687 1096374
8900 339723 108791 1076752
9000 344541 110347 1056339
9100 348717 111689 1068648
9200 353049 113083 1115213
9300 357378 114476 1498410
9400 361551 115817 1911970
9500 365841 117197 1683819
9600 370284 118628 1574553
9700 374709 120053 1822642
9800 379119 121473 1930385
9900 383295 122815 1606924
10000 387477 124159 1809589
