100 2476 2476 615232
200 11294 11294 490533
300 23618 23618 1058092
400 39749 39749 1702136
500 64148 64148 493092
600 93006 93006 670043
700 127993 127993 945109
800 150912 150912 1101859
900 208321 208321 1502708
1000 246159 246159 539318
1100 300100 300100 613117
1200 357885 357885 2581447
1300 426050 426050 826723
1400 496919 496919 1031711
1500 566969 566969 1151062
1600 633298 633298 3442611
1700 721844 721844 1585263
1800 812315 812315 1779523
1900 903880 903880 1641075
2000 1014029 1014029 2119415
2100 1094527 1094527 2082969
2200 1208143 1208143 2185223
2300 1301715 1301715 2418786
2400 1459337 1459337 2600820
2500 1589277 1589277 2822773
2600 1706477 1706477 3240166
2700 1836387 1836387 3384851
2800 1992216 1992216 10819671
2900 2133571 2133571 7461192
3000 2272398 2272398 4551444
3100 2416216 2416216 4872346
3200 2573199 2573199 4944400
3300 2786875 2786875 5118788
3400 2912540 2912540 5498247
3500 3059222 3059222 6111860
3600 3233944 3233944 6878359
3700 3449829 3449829 7031922
3800 3657887 3657887 7108729
3900 3874310 3874310 7862261
4000 4032217 4032217 8690686
4100 4159568 4159568 7717001
4200 4475957 4475957 8895597
4300 4640435 4640435 9909483
4400 4888077 4888077 9960428
4500 5080359 5080359 9062544
4600 5211540 5211540 10101700
4700 5589147 5589147 10967902
4800 5800568 5800568 11033951
4900 6089588 6089588 11830042
5000 6363631 6363631 16371165
5100 6536622 6536622 13204743
5200 6805698 6805698 13581102
5300 6985996 6985996 18010047
5400 7279759 7279759 13854472
5500 7387291 7387291 14764577
5600 7977712 7977712 20093206
5700 8277932 8277932 16818339
5800 8476586 8476586 18283374
5900 8561275 8561275 17907655
6000 9045930 9045930 19618939
6100 9198943 9198943 17860262
6200 9536149 9536149 9489747
6300 9748960 9748960 14301158
6400 10306625 10306625 13677939
6500 10593799 10593799 17433544
6600 10954840 10954840 11079280
6700 11212198 11212198 10130351
6800 11534013 11534013 10390372
6900 11893565 11893565 18274735
7000 12214012 12214012 11004394
7100 12649311 12649311 11380322
7200 13064006 13064006 11714185
7300 13345877 13345877 13114825
7400 13556482 13556482 12189813
7500 14077689 14077689 12693565
7600 14285185 14285185 12864219
7700 14674664 14674664 13330420
7800 15070106 15070106 13715165
7900 15623298 15623298 14043358
8000 16047411 16047411 14408953
8100 16233666 16233666 14560278
8200 16964450 16964450 15198283
8300 17203037 17203037 15494134
8400 17845101 17845101 16985209
8500 18035044 18035044 16206885
8600 18529887 18529887 16626835
8700 18984442 18984442 17070298
8800 19332109 19332109 17360007
8900 19719468 19719468 19170098
9000 20168433 20168433 18666435
9100 20637115 20637115 19379653
9200 21165640 21165640 19018060
9300 21514659 21514659 19357970
9400 21843122 21843122 19596825
9500 22582883 22582883 20349311
9600 23122794 23122794 20672234
9700 23663356 23663356 21354386
9800 23957405 23957405 21771203
9900 24509893 24509893 21932080
10000 24927973 24927973 22696727
100 2547 2547 3561
200 10390 10390 11986
300 22236 22236 35721
400 41574 41574 59076
500 64977 64977 86144
600 90733 90733 100823
700 126071 126071 149273
800 163873 163873 205652
900 207403 207403 242821
1000 252574 252574 319531
1100 306843 306843 329515
1200 380307 380307 391217
1300 432033 432033 441742
1400 488879 488879 513728
1500 581317 581317 660444
1600 635870 635870 640539
1700 701805 701805 684823
1800 815577 815577 816972
1900 914190 914190 876993
2000 989505 989505 987582
2100 1099877 1099877 1083715
2200 1231723 1231723 1219402
2300 1310418 1310418 1280068
2400 1455690 1455690 1400462
2500 1540809 1540809 1464491
2600 1714209 1714209 1643086
2700 1818232 1818232 1753514
2800 1932521 1932521 1853315
2900 2083726 2083726 1974756
3000 2256307 2256307 2147880
3100 2439006 2439006 2292676
3200 2554591 2554591 2562868
3300 2756741 2756741 2841509
3400 2879032 2879032 2777726
3500 3117044 3117044 2910238
3600 3171195 3171195 3054223
3700 3444286 3444286 3245490
3800 3693249 3693249 3484894
3900 3831987 3831987 3557773
4000 3965061 3965061 3578125
4100 4219730 4219730 3806486
4200 4399891 4399891 3984800
4300 4652585 4652585 4191968
4400 4866883 4866883 4381103
4500 5142957 5142957 4647693
4600 5305899 5305899 4805497
4700 5548584 5548584 5058153
4800 5744851 5744851 5195620
4900 6002513 6002513 5433676
5000 6286559 6286559 5699337
5100 6459033 6459033 5852661
5200 6793485 6793485 6155942
5300 7044346 7044346 6393922
5400 7233575 7233575 9996236
5500 7701618 7701618 8452094
5600 7752077 7752077 7295439
5700 8132457 8132457 7398728
5800 8311438 8311438 7459229
5900 8766649 8766649 7872469
6000 9036539 9036539 8112206
6100 9286045 9286045 8362211
6200 9539795 9539795 8568054
6300 9968816 9968816 8954583
6400 10245776 10245776 9192612
6500 10541905 10541905 9613019
6600 10931692 10931692 9812917
6700 11167989 11167989 10055796
6800 11527344 11527344 10442706
6900 11969958 11969958 10828553
7000 12324705 12324705 11112504
7100 12670708 12670708 12680817
7200 12923377 12923377 11667011
7300 13406367 13406367 12026384
7400 13720680 13720680 12346666
7500 14114535 14114535 12674674
7600 14183534 14183534 12726100
7700 14818751 14818751 13294623
7800 15234613 15234613 13694110
7900 15591280 15591280 13988859
8000 16127875 16127875 14466673
8100 16332408 16332408 14758048
8200 16644557 16644557 14993148
8300 17133971 17133971 15787354
8400 17663065 17663065 16093908
8500 18102287 18102287 16194153
8600 18577166 18577166 16725867
8700 18941914 18941914 17026999
8800 19220497 19220497 17428350
8900 19654597 19654597 17884497
9000 20196867 20196867 22338186
9100 20533871 20533871 18807831
9200 21359956 21359956 19579987
9300 21706364 21706364 20399121
9400 21974917 21974917 20225421
9500 22661414 22661414 21474676
9600 23144711 23144711 20829559
9700 23491369 23491369 21082787
9800 24122925 24122925 21651669
9900 24567035 24567035 22006092
10000 24658482 24658482 22062145
100 2393 2393 3487
200 10383 10383 15024
300 23083 23083 31488
400 38545 38545 44167
500 65745 65745 69370
600 86545 86545 88842
700 122317 122317 121983
800 161551 161551 165355
900 202707 202707 195275
1000 247494 247494 383866
1100 297361 297361 297362
1200 364142 364142 342600
1300 438108 438108 409257
1400 480750 480750 456468
1500 553035 553035 512974
1600 643739 643739 599815
1700 718835 718835 662194
1800 803090 803090 769555
1900 908231 908231 1633156
2000 1009974 1009974 917722
2100 1121952 1121952 1071834
2200 1197080 1197080 1143158
2300 1355401 1355401 1281464
2400 1443321 1443321 1362439
2500 1592649 1592649 1486935
2600 1698005 1698005 1585791
2700 1804211 1804211 1691574
2800 1998543 1998543 1810200
2900 2102416 2102416 1906492
3000 2233366 2233366 2015242
3100 2333990 2333990 3284816
3200 2516288 2516288 3605287
3300 2762671 2762671 3936475
3400 2880060 2880060 4036414
3500 2994496 2994496 4371138
3600 3254466 3254466 2978556
3700 3427017 3427017 3157745
3800 3620898 3620898 3648643
3900 3682114 3682114 3484761
4000 3975730 3975730 4005069
4100 4229008 4229008 4113239
4200 4465338 4465338 4157329
4300 4528880 4528880 4335841
4400 4720572 4720572 4393820
4500 5066635 5066635 4743551
4600 5312382 5312382 4963327
4700 5571276 5571276 5265493
4800 5807677 5807677 5698632
4900 5964483 5964483 5511973
5000 6216521 6216521 5785778
5100 6515536 6515536 5991270
5200 6701136 6701136 8805013
5300 7022490 7022490 6552764
5400 7344030 7344030 7748355
5500 7522105 7522105 6984209
5600 7954506 7954506 10675451
5700 8237783 8237783 11921589
5800 8418203 8418203 11308863
5900 8747131 8747131 11708159
6000 8859838 8859838 12464968
6100 9357402 9357402 12244122
6200 9663532 9663532 12950820
6300 9998901 9998901 15284036
6400 10323381 10323381 16202378
6500 10496810 10496810 22314506
6600 10890035 10890035 17385411
6700 11188745 11188745 18432361
6800 11484133 11484133 10328941
6900 12070404 12070404 10918424
7000 12062465 12062465 11038215
7100 12620151 12620151 12119371
7200 12865905 12865905 17718082
7300 13548465 13548465 12129411
7400 13665045 13665045 12234132
7500 14162760 14162760 12693282
7600 14571103 14571103 13044574
7700 14921993 14921993 13360745
7800 15355655 15355655 13749551
7900 15821149 15821149 14181729
8000 15897212 15897212 14262677
8100 16509912 16509912 14782090
8200 16852201 16852201 15100607
8300 17249982 17249982 16030228
8400 17674265 17674265 15867942
8500 18047301 18047301 16187040
8600 18148335 18148335 16301680
8700 19040302 19040302 17192013
8800 19509451 19509451 18661959
8900 19767443 19767443 17743513
9000 20211845 20211845 18578961
9100 20775500 20775500 18625561
9200 21240701 21240701 19758690
9300 21499550 21499550 20961985
9400 21734333 21734333 19820673
9500 22747990 22747990 20429706
9600 22921824 22921824 21821823
9700 23536073 23536073 21082462
9800 24103599 24103599 21880643
9900 24615902 24615902 22115038
10000 25039460 25039460 22534625
100 2657 2657 4767
200 10152 10152 15178
300 22353 22353 27608
400 40281 40281 44399
500 61882 61882 67732
600 86476 86476 88686
700 125167 125167 123919
800 155149 155149 152145
900 206288 206288 198270
1000 257309 257309 245291
1100 306969 306969 295040
1200 350748 350748 330380
1300 418853 418853 391837
1400 491686 491686 465303
1500 557315 557315 516302
1600 636772 636772 593186
1700 714334 714334 662510
1800 801062 801062 736024
1900 904194 904194 837143
2000 1016312 1016312 929274
2100 1083378 1083378 991387
2200 1184972 1184972 1189598
2300 1305289 1305289 1232286
2400 1443545 1443545 1353412
2500 1553942 1553942 1445551
2600 1665909 1665909 1552712
2700 1849447 1849447 1847499
2800 1995579 1995579 1833040
2900 2073587 2073587 1962576
3000 2226299 2226299 2019819
3100 2436721 2436721 2204053
3200 2544433 2544433 2309961
3300 2734492 2734492 2472790
3400 2929224 2929224 2656198
3500 3110341 3110341 2813976
3600 3256450 3256450 2936630
3700 3406554 3406554 3092474
3800 3590651 3590651 3250958
3900 3846244 3846244 3471734
4000 4010228 4010228 3614541
4100 4195452 4195452 3805085
4200 4377594 4377594 3959216
4300 4668400 4668400 4213612
4400 4854030 4854030 4391472
4500 5125663 5125663 4617080
4600 5335603 5335603 4927518
4700 5558520 5558520 5000698
4800 5824923 5824923 5235194
4900 6082197 6082197 5482843
5000 6174300 6174300 5569561
5100 6575728 6575728 5914332
5200 6747889 6747889 6068115
5300 6982310 6982310 6271633
5400 7172999 7172999 6468554
5500 7560819 7560819 6790077
5600 7845180 7845180 7066563
5700 8144464 8144464 7325238
5800 8366800 8366800 7515714
5900 8598425 8598425 7724287
6000 8987153 8987153 8073059
6100 9337503 9337503 8499086
6200 9548147 9548147 8619399
6300 9957472 9957472 8978144
6400 10279980 10279980 13273576
6500 10681598 10681598 9622975
6600 11022742 11022742 9951133
6700 11191257 11191257 10063053
6800 11370172 11370172 10661972
6900 11986272 11986272 10797348
7000 12199380 12199380 10934188
7100 12582007 12582007 11388343
7200 12821887 12821887 11572319
7300 13426862 13426862 12080629
7400 13594562 13594562 12316571
7500 14246083 14246083 12834188
7600 14488196 14488196 13042143
7700 14929878 14929878 14125063
7800 15164352 15164352 13576429
7900 15462153 15462153 13882062
8000 16012340 16012340 14413520
8100 16591146 16591146 15016486
8200 16730931 16730931 15559312
8300 17210167 17210167 15480199
8400 17540401 17540401 15747480
8500 18061535 18061535 16233682
8600 18436538 18436538 16565509
8700 18781779 18781779 17870950
8800 19258542 19258542 17347823
8900 19826300 19826300 24413176
9000 19961895 19961895 17857281
9100 20405634 20405634 18598230
9200 20863140 20863140 18714921
9300 21567560 21567560 19740902
9400 22024942 22024942 19765231
9500 22989937 22989937 21136709
9600 22726294 22726294 20387293
9700 23384386 23384386 25118983
9800 24178769 24178769 21623650
9900 24620066 24620066 22692838
10000 24987957 24987957 22505910
100 2718 2718 4824
200 9527 9527 14607
300 22920 22920 37101
400 38754 38754 43127
500 59899 59899 63557
600 91938 91938 93502
700 120723 120723 119816
800 167186 167186 162071
900 206264 206264 198398
1000 243935 243935 240876
1100 290764 290764 275215
1200 361291 361291 339182
1300 429400 429400 400835
1400 511103 511103 475021
1500 575320 575320 532264
1600 614836 614836 569633
1700 724945 724945 667120
1800 799004 799004 733789
1900 912196 912196 1152545
2000 1007699 1007699 922977
2100 1098411 1098411 1015739
2200 1180464 1180464 1071359
2300 1325965 1325965 1476565
2400 1464766 1464766 1591838
2500 1564264 1564264 1465970
2600 1730761 1730761 1621965
2700 1874444 1874444 1743347
2800 1982484 1982484 1840024
2900 2077100 2077100 1934368
3000 2262478 2262478 2095326
3100 2435491 2435491 2268613
3200 2544493 2544493 2351079
3300 2741063 2741063 2587646
3400 2923383 2923383 4912173
3500 3053258 3053258 5164408
3600 3269144 3269144 2949966
3700 3433679 3433679 3094131
3800 3590793 3590793 3249425
3900 3821453 3821453 3447790
4000 3978516 3978516 3601408
4100 4163935 4163935 3753133
4200 4499438 4499438 4045014
4300 4616432 4616432 4164933
4400 4841538 4841538 4372625
4500 5175080 5175080 4844021
4600 5290995 5290995 4784438
4700 5496635 5496635 4939248
4800 5733849 5733849 5373872
4900 5988223 5988223 5389464
5000 6294395 6294395 5692387
5100 6591569 6591569 6397531
5200 6792605 6792605 6241978
5300 6990437 6990437 6347339
5400 7262888 7262888 6580268
5500 7616671 7616671 7009663
5600 7735880 7735880 8204069
5700 8051791 8051791 7225845
5800 8445946 8445946 7636522
5900 8713541 8713541 7821857
6000 8900371 8900371 8122325
6100 9273217 9273217 8491630
6200 9511727 9511727 8548416
6300 9800855 9800855 8796009
6400 10284714 10284714 9241900
6500 10583983 10583983 9856888
6600 10864658 10864658 9859114
6700 11348908 11348908 10206662
6800 11405545 11405545 10266636
6900 12058069 12058069 11951279
7000 12168309 12168309 11016616
7100 12572884 12572884 11280298
7200 12917534 12917534 11892081
7300 13189738 13189738 11888874
7400 13575516 13575516 12205035
7500 13967108 13967108 13727582
7600 14496193 14496193 13064329
7700 14775684 14775684 21782282
7800 15138667 15138667 14786916
7900 15528314 15528314 13954538
8000 16032422 16032422 14442739
8100 16477313 16477313 14805387
8200 16918221 16918221 15246619
8300 17297245 17297245 15652456
8400 17555367 17555367 15748823
8500 18404509 18404509 16618170
8600 18407336 18407336 16530266
8700 19301214 19301214 17869020
8800 19362592 19362592 17386452
8900 19792555 19792555 17864387
9000 20262706 20262706 18300253
9100 20583494 20583494 18877345
9200 21122913 21122913 19321641
9300 21496416 21496416 19513590
9400 22014487 22014487 19780344
9500 22279694 22279694 20598894
9600 22976171 22976171 20662000
9700 23424846 23424846 21718033
9800 23727668 23727668 21279786
9900 24785511 24785511 22819775
10000 24825918 24825918 22829118
100 2636 2636 4660
200 10091 10091 15508
300 22037 22037 27704
400 40246 40246 45054
500 65236 65236 67942
600 92507 92507 90386
700 120726 120726 144587
800 165381 165381 185468
900 201583 201583 239804
1000 257639 257639 289450
1100 306814 306814 340493
1200 361448 361448 377052
1300 426482 426482 435842
1400 489958 489958 500304
1500 558230 558230 521014
1600 643423 643423 594925
1700 718768 718768 657469
1800 811557 811557 957778
1900 915852 915852 887344
2000 982408 982408 958521
2100 1117814 1117814 1063987
2200 1213285 1213285 1165963
2300 1345504 1345504 1270685
2400 1440430 1440430 1354848
2500 1549482 1549482 1455373
2600 1720129 1720129 1587016
2700 1861797 1861797 1727187
2800 1928939 1928939 1811503
2900 2097329 2097329 1940527
3000 2313474 2313474 2730396
3100 2338945 2338945 2156248
3200 2620466 2620466 2410108
3300 2722774 2722774 2716904
3400 2902721 2902721 4987797
3500 3056353 3056353 4733325
3600 3218105 3218105 5584948
3700 3397543 3397543 3096711
3800 3600701 3600701 3290198
3900 3789450 3789450 3458196
4000 4104491 4104491 3747600
4100 4219080 4219080 3847848
4200 4459928 4459928 4056526
4300 4612149 4612149 4194635
4400 4798561 4798561 4830452
4500 5098419 5098419 4594832
4600 5289132 5289132 4762659
4700 5489277 5489277 5198165
4800 5690373 5690373 5125141
4900 6000822 6000822 5401880
5000 6275422 6275422 5650634
5100 6561950 6561950 5919052
5200 6704962 6704962 6075561
5300 7097913 7097913 6454012
5400 7285484 7285484 6605010
5500 7531280 7531280 6807194
5600 7825311 7825311 7162400
5700 8160510 8160510 7380325
5800 8337500 8337500 7545248
5900 8807519 8807519 7985148
6000 9053836 9053836 8178915
6100 9230830 9230830 8283241
6200 9744091 9744091 8808229
6300 9950499 9950499 8983014
6400 10181358 10181358 9177805
6500 10610782 10610782 9571337
6600 10948535 10948535 9875033
6700 11271015 11271015 10160218
6800 11552771 11552771 10407596
6900 11865489 11865489 10722666
7000 12145946 12145946 10939387
7100 12557443 12557443 11309747
7200 13057678 13057678 12859648
7300 13360970 13360970 12007298
7400 13511247 13511247 12142038
7500 14053403 14053403 13959043
7600 14592059 14592059 13186939
7700 14765789 14765789 13388736
7800 15311245 15311245 14431546
7900 15456437 15456437 13967114
8000 15981617 15981617 14359612
8100 16401514 16401514 14780722
8200 16558101 16558101 14890002
8300 17186822 17186822 15984437
8400 17673635 17673635 15864909
8500 17999137 17999137 16186877
8600 18405369 18405369 16586886
8700 18997951 18997951 17135836
8800 19279370 19279370 18109447
8900 19827103 19827103 20056921
9000 20295177 20295177 19873032
9100 20805192 20805192 25073144
9200 21217733 21217733 19465699
9300 21992949 21992949 19764807
9400 21830504 21830504 30489855
9500 22647581 22647581 31283185
9600 23244354 23244354 21560378
9700 23792919 23792919 21936524
9800 23987509 23987509 21935685
9900 24574156 24574156 22054888
10000 25065922 25065922 22512147
100 2515 2515 4579
200 9755 9755 15114
300 23024 23024 27754
400 42230 42230 46196
500 60263 60263 63265
600 92359 92359 97671
700 122831 122831 121292
800 163279 163279 158564
900 204764 204764 203870
1000 256923 256923 243961
1100 308198 308198 290723
1200 356733 356733 335456
1300 423884 423884 395850
1400 480000 480000 446551
1500 563699 563699 529285
1600 654812 654812 605269
1700 731219 731219 682819
1800 789590 789590 829551
1900 899738 899738 854623
2000 996692 996692 939405
2100 1104385 1104385 1043292
2200 1228606 1228606 1153809
2300 1329199 1329199 1270216
2400 1425329 1425329 1303868
2500 1570175 1570175 1441003
2600 1676360 1676360 1523344
2700 1828504 1828504 1659592
2800 1976518 1976518 1796472
2900 2087416 2087416 1892271
3000 2289551 2289551 2081330
3100 2381733 2381733 2742115
3200 2554551 2554551 4003518
3300 2704775 2704775 2450973
3400 2914172 2914172 3338507
3500 3100990 3100990 2855687
3600 3250371 3250371 3158875
3700 3403661 3403661 3155227
3800 3635799 3635799 3293908
3900 3796294 3796294 3429365
4000 4014380 4014380 3681877
4100 4187692 4187692 3771133
4200 4387509 4387509 4001913
4300 4669417 4669417 4204296
4400 4880662 4880662 4397667
4500 5031401 5031401 5908743
4600 5302983 5302983 4828930
4700 5541065 5541065 5028020
4800 5748625 5748625 5223136
4900 5931162 5931162 5393250
5000 6252534 6252534 5668396
5100 6432944 6432944 5825769
5200 6857209 6857209 9241195
5300 7086676 7086676 9399121
5400 7311682 7311682 9693101
5500 7637898 7637898 10538389
5600 7905895 7905895 10699240
5700 8114225 8114225 9748809
5800 8375716 8375716 12010057
5900 8698443 8698443 11017863
6000 9058615 9058615 8173231
6100 9311791 9311791 8398600
6200 9666745 9666745 8730327
6300 9959429 9959429 10214680
6400 10148437 10148437 13858366
6500 10574148 10574148 9641975
6600 10853086 10853086 10705223
6700 11255439 11255439 10263589
6800 11484411 11484411 10831880
6900 11821774 11821774 11195809
7000 12280640 12280640 17988029
7100 12674308 12674308 12544341
7200 12932932 12932932 13525434
7300 13437033 13437033 14988551
7400 13557348 13557348 13009818
7500 14081333 14081333 18017306
7600 14412718 14412718 13045162
7700 14694759 14694759 13168362
7800 15032319 15032319 13536265
7900 15669415 15669415 14254569
8000 16280536 16280536 14782436
8100 16269375 16269375 14652952
8200 16982309 16982309 15260452
8300 17168740 17168740 16252926
8400 17481877 17481877 17600842
8500 17879552 17879552 18981090
8600 18686991 18686991 17004757
8700 18888482 18888482 17255091
8800 19335984 19335984 20268401
8900 19831970 19831970 17784388
9000 20261011 20261011 19219333
9100 20703030 20703030 18752014
9200 21119508 21119508 19390349
9300 21587808 21587808 23087722
9400 22195484 22195484 30089462
9500 22523292 22523292 21766148
9600 23111892 23111892 24945782
9700 23461096 23461096 23306726
9800 23992511 23992511 21675192
9900 24551321 24551321 22073902
10000 24697081 24697081 22209583
100 2432 2432 4557
200 10333 10333 17977
300 23222 23222 34767
400 36760 36760 60055
500 63690 63690 68964
600 87984 87984 99689
700 121156 121156 120227
800 156646 156646 152843
900 201741 201741 194247
1000 256435 256435 289732
1100 306855 306855 315176
1200 363700 363700 367794
1300 401560 401560 434573
1400 492011 492011 473655
1500 568023 568023 526819
1600 650921 650921 635402
1700 737262 737262 709930
1800 821354 821354 789017
1900 902508 902508 887721
2000 994190 994190 998137
2100 1115136 1115136 1083839
2200 1213375 1213375 1128874
2300 1338010 1338010 1218770
2400 1488596 1488596 1393488
2500 1569344 1569344 1475767
2600 1666633 1666633 1547367
2700 1807193 1807193 1709049
2800 1978131 1978131 1870183
2900 2144354 2144354 1974796
3000 2254182 2254182 2085485
3100 2410706 2410706 2197471
3200 2657288 2657288 2744600
3300 2673630 2673630 2507253
3400 2975320 2975320 2686731
3500 3074868 3074868 2883384
3600 3251791 3251791 2982855
3700 3405841 3405841 3122116
3800 3604811 3604811 3302878
3900 3757703 3757703 3627233
4000 3995572 3995572 3655599
4100 4267718 4267718 4071382
4200 4437497 4437497 4229121
4300 4653078 4653078 4282889
4400 4821380 4821380 4448194
4500 5020694 5020694 4803222
4600 5239328 5239328 4768397
4700 5515999 5515999 5239395
4800 5750811 5750811 5220526
4900 6023358 6023358 5474002
5000 6103194 6103194 5646837
5100 6416775 6416775 6131699
5200 6836684 6836684 6465811
5300 7091649 7091649 9017913
5400 7326525 7326525 9589050
5500 7591095 7591095 7033964
5600 7871376 7871376 7236467
5700 8076363 8076363 7455846
5800 8398427 8398427 7595944
5900 8675588 8675588 8188900
6000 8995032 8995032 8529250
6100 9299119 9299119 9022477
6200 9499700 9499700 8743574
6300 9943145 9943145 9318267
6400 10269068 10269068 9768722
6500 10540375 10540375 9721652
6600 10949484 10949484 10075729
6700 11373752 11373752 10388756
6800 11570454 11570454 10395634
6900 11867866 11867866 10696225
7000 12228552 12228552 11736866
7100 12721339 12721339 11728018
7200 13062353 13062353 11749164
7300 13379971 13379971 12443388
7400 13736441 13736441 12707212
7500 13937151 13937151 12917424
7600 14291879 14291879 13412307
7700 14880360 14880360 13939184
7800 15358718 15358718 14302206
7900 15811150 15811150 14780536
8000 15925285 15925285 14424266
8100 16416510 16416510 14793056
8200 16605006 16605006 15095923
8300 17240377 17240377 15514921
8400 17582075 17582075 16681839
8500 18105944 18105944 18771203
8600 18457433 18457433 17819253
8700 18788749 18788749 17669706
8800 19556992 19556992 18333073
8900 20110085 20110085 19540223
9000 20291499 20291499 20589997
9100 20772751 20772751 20383117
9200 21215705 21215705 20601804
9300 21502923 21502923 22073957
9400 22200728 22200728 21836843
9500 22403819 22403819 20466429
9600 23189327 23189327 20906898
9700 23709758 23709758 21308682
9800 24359104 24359104 23876310
9900 24440746 24440746 22003561
10000 25104619 25104619 34910523
100 2366 2366 4781
200 9608 9608 14497
300 22994 22994 35283
400 39777 39777 67303
500 64443 64443 109839
600 90432 90432 165846
700 119321 119321 143810
800 158313 158313 199442
900 213967 213967 301386
1000 251109 251109 391951
1100 312911 312911 421376
1200 359528 359528 431019
1300 423664 423664 434379
1400 486509 486509 506281
1500 570799 570799 720171
1600 645190 645190 810280
1700 730866 730866 1203957
1800 814743 814743 1240308
1900 903580 903580 1194869
2000 1007460 1007460 1503761
2100 1117786 1117786 1045928
2200 1204036 1204036 1159781
2300 1331423 1331423 1339311
2400 1429700 1429700 1674819
2500 1590973 1590973 1656288
2600 1677290 1677290 1813291
2700 1826951 1826951 1783895
2800 1967354 1967354 2063066
2900 2129264 2129264 2896585
3000 2268298 2268298 2549142
3100 2442528 2442528 2761955
3200 2532098 2532098 3667639
3300 2734820 2734820 2553263
3400 2897668 2897668 4014610
3500 3054316 3054316 3368751
3600 3234941 3234941 3233934
3700 3514197 3514197 4716185
3800 3597939 3597939 4942906
3900 3858600 3858600 4459040
4000 4076976 4076976 3979545
4100 4218259 4218259 3906608
4200 4437461 4437461 4391771
4300 4730492 4730492 5369987
4400 4805660 4805660 4473110
4500 5025808 5025808 5284084
4600 5276158 5276158 5222925
4700 5555776 5555776 5441065
4800 5733740 5733740 5502300
4900 5980316 5980316 5746873
5000 6134892 6134892 5602855
5100 6530458 6530458 5921067
5200 6734128 6734128 6106776
5300 7037797 7037797 6396421
5400 7193957 7193957 6512754
5500 7692222 7692222 6947329
5600 7937855 7937855 7326443
5700 8139589 8139589 7798192
5800 8449478 8449478 7658567
5900 8733858 8733858 7890554
6000 9023816 9023816 8959881
6100 9309908 9309908 8776027
6200 9614045 9614045 9167165
6300 9851010 9851010 9317494
6400 10154987 10154987 10236657
6500 10768929 10768929 9875462
6600 10930965 10930965 10245105
6700 11302615 11302615 10846936
6800 11424485 11424485 10795945
6900 11822823 11822823 12735208
7000 12243099 12243099 11615033
7100 12716833 12716833 13426500
7200 12995987 12995987 11924024
7300 13317491 13317491 12120674
7400 13670241 13670241 12358076
7500 14131925 14131925 12746586
7600 14455564 14455564 13031380
7700 14608632 14608632 13859385
7800 15089899 15089899 13857746
7900 15752560 15752560 14257645
8000 16114086 16114086 14819050
8100 16352623 16352623 15196118
8200 16867091 16867091 15258607
8300 17456697 17456697 15908615
8400 17556245 17556245 15794336
8500 18136562 18136562 16924490
8600 18422005 18422005 18102454
8700 18980679 18980679 17929683
8800 19164879 19164879 17501812
8900 19917780 19917780 18835635
9000 20407629 20407629 19851979
9100 20899058 20899058 19944825
9200 21361532 21361532 19606214
9300 21600851 21600851 19843803
9400 21846330 21846330 20060965
9500 22519631 22519631 20936160
9600 23015854 23015854 24535271
9700 23422331 23422331 22109484
9800 23827721 23827721 42229097
9900 24395014 24395014 22776603
10000 25273397 25273397 23693120
100 2542 2542 4620
200 9485 9485 15241
300 22999 22999 34730
400 39013 39013 40818
500 63312 63312 86295
600 90601 90601 120669
700 122336 122336 171508
800 152324 152324 195520
900 199836 199836 234566
1000 257257 257257 319646
1100 305660 305660 331016
1200 369329 369329 389757
1300 430567 430567 451407
1400 497152 497152 505814
1500 577278 577278 585116
1600 647226 647226 649032
1700 712180 712180 751761
1800 834385 834385 862143
1900 892240 892240 898936
2000 982706 982706 962432
2100 1102263 1102263 1108506
2200 1198102 1198102 1219497
2300 1354636 1354636 1301676
2400 1416805 1416805 1333284
2500 1559628 1559628 1472057
2600 1688558 1688558 1584540
2700 1831922 1831922 1715301
2800 1955624 1955624 1842308
2900 2139819 2139819 1994520
3000 2253264 2253264 3381714
3100 2406193 2406193 2501810
3200 2545677 2545677 2403648
3300 2760527 2760527 2548035
3400 2892660 2892660 2664390
3500 3009866 3009866 2903505
3600 3182993 3182993 3071798
3700 3395026 3395026 3182521
3800 3608721 3608721 3367061
3900 3845100 3845100 3578786
4000 3985732 3985732 3696127
4100 4279108 4279108 4575223
4200 4389610 4389610 4018641
4300 4666838 4666838 4407347
4400 4795627 4795627 4619750
4500 4998036 4998036 4688559
4600 5287616 5287616 4897202
4700 5529571 5529571 5255707
4800 5739632 5739632 5360743
4900 5963247 5963247 6036717
5000 6131755 6131755 5936935
5100 6491078 6491078 6536967
5200 6712504 6712504 6111773
5300 6982705 6982705 6427167
5400 7298384 7298384 6702644
5500 7587576 7587576 10574041
5600 7882802 7882802 7139828
5700 8041622 8041622 7367596
5800 8562376 8562376 7850091
5900 8634245 8634245 8658386
6000 9038460 9038460 8314281
6100 9300575 9300575 8474836
6200 9730135 9730135 8838366
6300 9972505 9972505 9657958
6400 10296958 10296958 9480976
6500 10685300 10685300 9751929
6600 10670459 10670459 9748228
6700 11125292 11125292 10161777
6800 11533133 11533133 10527887
6900 11964323 11964323 10797785
7000 12134184 12134184 11157034
7100 12385162 12385162 11495893
7200 12949286 12949286 11673886
7300 13233229 13233229 12234501
7400 13755432 13755432 12416752
7500 14197280 14197280 12772217
7600 14273616 14273616 13594394
7700 14646042 14646042 13320227
7800 15267854 15267854 13902999
7900 15489370 15489370 14157693
8000 16097056 16097056 14546947
8100 16697844 16697844 15059557
8200 16838849 16838849 15170874
8300 17104225 17104225 18569316
8400 17703696 17703696 17698237
8500 17991151 17991151 16735398
8600 18406687 18406687 18858954
8700 18988763 18988763 17640691
8800 19441930 19441930 18113269
8900 19753324 19753324 17819767
9000 20185765 20185765 18162631
9100 20577390 20577390 18559179
9200 20948550 20948550 19226000
9300 21482276 21482276 19717769
9400 21901943 21901943 20332852
9500 22456245 22456245 20232446
9600 22928570 22928570 21221670
9700 23404104 23404104 21154426
9800 23929357 23929357 22158807
9900 24205256 24205256 21794935
10000 25058963 25058963 22592692
