100 2387 2387 5223617
200 11155 11155 634955
300 22928 22928 5373781
400 41494 41494 4782765
500 62148 62148 7820134
600 91607 91607 729052
700 120804 120804 984429
800 158469 158469 1252227
900 208367 208367 1636642
1000 256386 256386 2017706
1100 305420 305420 3972216
1200 362671 362671 734230
1300 414096 414096 816901
1400 479056 479056 2216440
1500 573385 573385 1091609
1600 642183 642183 1218241
1700 714196 714196 1666930
1800 829490 829490 1902775
1900 914018 914018 2109365
2000 987808 987808 2298305
2100 1103090 1103090 2453706
2200 1201403 1201403 2875840
2300 1307580 1307580 26513704
2400 1455687 1455687 27556860
2500 1542730 1542730 15810038
2600 1720501 1720501 17285093
2700 1851359 1851359 9325398
2800 1981676 1981676 8629603
2900 2089186 2089186 10046868
3000 2257388 2257388 6978983
3100 2386145 2386145 5578799
3200 2552142 2552142 5954683
3300 2749254 2749254 6167962
3400 2899520 2899520 6604093
3500 3071130 3071130 34167395
3600 3259182 3259182 32084885
3700 3402726 3402726 7619281
3800 3643660 3643660 17966290
3900 3730373 3730373 12367942
4000 4025910 4025910 12544369
4100 4166539 4166539 9614453
4200 4378476 4378476 10044301
4300 4659408 4659408 10620391
4400 4805822 4805822 16830387
4500 5035986 5035986 21724863
4600 5232027 5232027 17772673
4700 5535531 5535531 26144725
4800 5760048 5760048 31449463
4900 5981407 5981407 15885642
5000 6299825 6299825 14298630
5100 6526734 6526734 27710194
5200 6762850 6762850 24252069
5300 7006695 7006695 77750797
5400 7279503 7279503 92052903
5500 7625276 7625276 17653186
5600 7778026 7778026 18237713
5700 8139555 8139555 53283532
5800 8359766 8359766 26235628
5900 8671144 8671144 78226149
6000 8946532 8946532 63132523
6100 9268580 9268580 28543934
6200 9674984 9674984 25657838
6300 10040420 10040420 18485249
6400 10280036 10280036 12878843
6500 10563148 10563148 16339377
6600 10954251 10954251 17076990
6700 11139175 11139175 17168298
6800 11525080 11525080 17630519
6900 12005408 12005408 18624410
7000 12039735 12039735 18836732
7100 12630548 12630548 18310433
7200 12962736 12962736 24647939
7300 13187364 13187364 22285021
7400 13600121 13600121 21754491
7500 13944270 13944270 27236524
7600 14498353 14498353 18410094
7700 14814407 14814407 23454810
7800 15234017 15234017 23742945
7900 15754379 15754379 24445235
8000 16376258 16376258 25077940
8100 16252715 16252715 26186303
8200 16579613 16579613 59540672
8300 17067835 17067835 19813838
8400 17645818 17645818 17790699
8500 17997694 17997694 18439557
8600 18377903 18377903 18627061
8700 18961572 18961572 19022841
8800 19248437 19248437 22632032
8900 19932547 19932547 23547863
9000 20240507 20240507 19616844
9100 20791593 20791593 20688579
9200 21459159 21459159 22717584
9300 21488508 21488508 30816953
9400 22267943 22267943 71720948
9500 22968143 22968143 75858549
9600 23015992 23015992 51529755
9700 23435101 23435101 63508302
9800 23992973 23992973 59391387
9900 24633761 24633761 38877036
10000 24838667 24838667 48225705
