100 727 577 516518
200 1785 1435 121071
300 2748 1828 130004
400 4072 2522 192564
500 5001 3529 334066
600 6071 4243 385327
700 7383 4802 507036
800 8671 6237 579460
900 9863 6426 636228
1000 11378 7690 752822
1100 13429 9153 274483
1200 14652 9686 185954
1300 15130 9880 148855
1400 16779 11314 205022
1500 18427 10745 210213
1600 19188 12616 214928
1700 21407 13670 214652
1800 23331 13860 247419
1900 24389 16231 375509
2000 24599 16100 375543
2100 26303 18140 351991
2200 28438 19135 375451
2300 29348 17503 135855
2400 32170 21464 148728
2500 32089 20520 166163
2600 33711 20525 180594
2700 34619 20480 175932
2800 36688 24589 211903
2900 37790 24359 202403
3000 42965 27071 204904
3100 43990 24452 228626
3200 44206 29423 247320
3300 43435 26374 214128
3400 47446 29570 296763
3500 50247 30917 321080
3600 47781 32200 234104
3700 50752 30999 348212
3800 52490 34433 343324
3900 53074 32561 388187
4000 54254 32250 392515
4100 54876 35296 415664
4200 56878 34380 277604
4300 59009 38869 430225
4400 60818 40795 460839
4500 63220 42765 469643
4600 64897 42747 472676
4700 65905 40187 498829
4800 67914 40952 505471
4900 70450 45989 542822
5000 72782 45718 536467
5100 72487 46425 574021
5200 72437 49289 555342
5300 73883 44157 1614562
5400 77068 48497 558895
5500 78556 50459 508395
5600 78569 52235 378662
5700 85540 53534 594060
5800 82944 53454 645268
5900 83266 53321 634780
6000 84681 54592 643390
6100 86994 57476 727218
6200 89530 53067 649528
6300 91384 55056 36629836
6400 88875 55811 687569
6500 94901 60007 731574
6600 95853 64419 730480
6700 95743 60863 749583
6800 101038 64585 752406
6900 101004 64414 768645
7000 101487 63210 808544
7100 106912 67926 816317
7200 102535 63158 770735
7300 113281 76630 859902
7400 110364 66834 804481
7500 110298 68294 843497
7600 108643 70233 733899
7700 115777 78031 855419
7800 113970 70365 843486
7900 119810 74350 840517
8000 115444 72069 908976
8100 119731 78146 807141
8200 125264 76297 3013165
8300 121724 73578 956446
8400 122857 75760 792693
8500 130230 82277 605284
8600 127752 75926 764405
8700 128198 83340 820040
8800 131362 76958 774035
8900 132825 82041 1007715
9000 133670 83114 815323
9100 137116 88598 748377
9200 137506 86099 858631
9300 148448 89430 696502
9400 156596 84149 662773
9500 144089 89548 678994
9600 148434 83694 682976
9700 150819 92877 697662
9800 146566 92330 707395
9900 160034 105527 850598
10000 154933 94968 723910
