100 802 609 1097443
200 1839 1313 122245
300 2973 1933 124892
400 4177 2906 213216
500 5094 3441 218582
600 6413 4407 304397
700 7432 4858 90951
800 8827 6301 65939
900 10601 7327 71579
1000 10992 7558 82854
1100 12991 9211 133854
1200 13626 9468 147429
1300 15689 10611 162949
1400 16853 9686 129564
1500 17891 11361 187347
1600 19616 12297 195077
1700 22215 14935 226388
1800 21982 14762 283839
1900 23238 15016 299547
2000 24537 15774 293476
2100 26316 18140 288906
2200 27650 17942 168551
2300 28449 19091 164339
2400 29992 18776 199076
2500 31732 19810 189855
2600 33705 21745 205198
2700 34557 21640 203788
2800 35749 23136 211503
2900 39124 23888 228903
3000 39685 26331 224561
3100 40769 25533 284585
3200 41474 25820 288466
3300 46459 31119 290583
3400 44262 29548 309802
3500 47609 32341 316291
3600 48380 31304 307293
3700 49841 32676 341571
3800 55105 35449 330741
3900 53956 34239 333146
4000 53620 35252 357550
4100 56594 34153 351321
4200 57405 38661 363438
4300 60494 37371 370389
4400 59942 36086 378633
4500 63066 38280 423034
4600 62831 41309 414547
4700 63392 40810 412621
4800 65938 42085 408527
4900 70683 45504 459048
5000 72394 43282 436507
5100 76205 48240 447260
5200 72424 47542 373711
5300 79394 53341 570809
5400 76944 46909 573153
5500 77627 48641 581789
5600 81637 52825 613816
5700 79946 50651 418135
5800 82817 53893 392246
5900 83733 54807 559606
6000 88335 56791 401371
6100 85550 55286 564811
6200 88548 55555 575277
6300 90985 54373 581226
6400 94260 62467 591278
6500 98114 60027 629094
6600 97305 62218 584159
6700 96323 61542 592131
6800 96712 59937 644766
6900 99084 63505 611442
7000 105466 61295 656235
7100 103763 62732 642670
7200 104394 65353 658495
7300 105221 66475 681847
7400 107818 66460 658309
7500 114500 70916 674556
7600 113030 71268 721677
7700 116762 76611 528539
7800 111771 71847 777139
7900 115460 71616 559691
8000 117297 72974 566655
8100 119626 75183 572854
8200 122753 75161 573646
8300 121582 75221 590980
8400 122456 73991 593956
8500 126371 80683 599934
8600 127967 79980 608038
8700 130289 87735 620938
8800 129276 81497 624310
8900 133794 85239 634674
9000 134083 83670 635348
9100 136057 84668 648830
9200 137383 82528 646602
9300 142061 90962 666352
9400 142404 84142 1020018
9500 144037 91619 2684406
9600 145511 93291 686393
9700 145720 87518 694739
9800 147365 96089 706660
9900 153343 97787 702934
10000 156911 95545 708974
100 798 620 4621
200 1744 1222 10906
300 2737 1799 16740
400 4007 2575 26717
500 4892 3297 24588
600 6390 4436 30481
700 7296 4772 35917
800 8866 5699 42079
900 9609 6537 49230
1000 11750 8052 57303
1100 12365 7398 58978
1200 14178 9349 67441
1300 15155 9747 73141
1400 16736 11083 80326
1500 17456 11612 86920
1600 20263 12383 90631
1700 20921 13525 108665
1800 21813 14710 105941
1900 23091 15022 113509
2000 25964 17627 123467
2100 25774 16416 126169
2200 27609 17440 133678
2300 30119 20493 137518
2400 31217 19193 143895
2500 31608 20130 152908
2600 32675 21102 162008
2700 34400 21355 182915
2800 37814 23709 173809
2900 38597 25192 180850
3000 38606 26064 188780
3100 41235 26288 194668
3200 43963 27074 200593
3300 44186 28132 208540
3400 47032 28013 213287
3500 46802 30802 221239
3600 48629 32160 231540
3700 54050 35621 239950
3800 52044 34612 249764
3900 53502 31728 247652
4000 54149 33984 261351
4100 55077 34134 266114
4200 56452 36090 277664
4300 59896 36994 276952
4400 61151 36160 287349
4500 62636 39666 293704
4600 64902 39391 299970
4700 67104 41841 308387
4800 67027 45298 318478
4900 68148 43551 323324
5000 68439 45141 335751
5100 72035 44454 336095
5200 74782 45204 347611
5300 76723 50206 356299
5400 78835 49064 360011
5500 79939 53235 379646
5600 78868 47807 372931
5700 79521 51769 392922
5800 80680 49643 391156
5900 85248 54231 399851
6000 87893 54494 401330
6100 89262 54392 410041
6200 87159 56701 424663
6300 96367 62098 438054
6400 92956 57370 435921
6500 93109 56362 441563
6600 98520 60693 449399
6700 98101 58931 456303
6800 101297 64973 464513
6900 100232 64272 479976
7000 108113 66987 474900
7100 101189 64092 495697
7200 109787 72255 497290
7300 108185 70607 514757
7400 111315 70567 514396
7500 110174 69289 523829
7600 110881 70362 533548
7700 114607 73625 540070
7800 117443 69959 538866
7900 120955 76300 593973
8000 117993 77375 554770
8100 122544 76119 576116
8200 123192 77092 570048
8300 121078 77818 590886
8400 126567 77758 591464
8500 126847 79275 610632
8600 133195 90083 612881
8700 133567 74807 603535
8800 134556 77773 608810
8900 131613 81041 635910
9000 137525 78461 623379
9100 141799 92444 640435
9200 140808 84941 648206
9300 140433 88291 661636
9400 142245 87386 668903
9500 146993 89144 669474
9600 146992 86588 678788
9700 155834 103495 683413
9800 153940 89307 696564
9900 152889 93245 705066
10000 151704 94731 714349
100 752 557 3974
200 1875 1478 8560
300 2709 1767 13189
400 3911 2931 18919
500 4963 3725 25330
600 6091 4178 42011
700 7894 5460 35386
800 8757 5790 41831
900 10311 6785 48423
1000 11447 7698 53358
1100 12195 7885 61803
1200 13519 9137 67717
1300 15685 10202 73554
1400 16635 10795 79520
1500 18343 10881 83889
1600 20688 15010 92786
1700 20917 13742 108166
1800 21951 14196 104795
1900 24361 16130 113915
2000 25549 17498 119409
2100 26447 17427 126487
2200 27028 17295 133707
2300 30519 20131 137570
2400 30553 18573 142449
2500 31556 20146 153172
2600 33070 21732 160480
2700 35317 22769 182124
2800 36659 23527 172669
2900 39418 23745 184243
3000 39543 24983 186502
3100 40671 27344 199541
3200 42060 26991 204917
3300 44283 26844 215039
3400 46121 27693 214252
3500 47841 32464 225895
3600 49763 33144 240489
3700 51504 32986 245455
3800 50905 32510 243948
3900 51182 31462 252359
4000 56841 38987 273841
4100 55788 35611 269580
4200 57109 37383 281824
4300 59681 38081 281024
4400 59216 37567 287671
4500 62579 38180 291722
4600 63718 38459 307037
4700 68072 47310 318814
4800 67914 40591 318244
4900 67915 43526 320811
5000 69354 44488 332438
5100 75326 46574 338200
5200 71257 42914 344362
5300 74603 47929 357324
5400 76331 48249 362403
5500 76307 49731 372292
5600 86275 54409 373686
5700 82800 48849 380757
5800 87954 55048 395530
5900 86438 54828 395989
6000 86617 54081 404175
6100 86641 50762 413339
6200 86923 54481 426487
6300 93246 61824 427455
6400 91179 58464 441296
6500 95378 61274 448801
6600 95713 60064 451512
6700 99267 63980 461413
6800 99797 58238 464317
6900 97690 59934 476821
7000 99636 61729 510316
7100 104779 66333 498740
7200 103091 64642 510098
7300 107517 66116 502153
7400 111656 76254 536883
7500 109399 69185 656359
7600 111847 69401 554906
7700 111255 68977 566413
7800 116390 72667 538259
7900 115405 73125 566613
8000 118575 77111 570744
8100 119613 72585 570034
8200 118071 77398 838241
8300 126440 82366 600748
8400 125548 77158 577859
8500 130228 83761 596289
8600 130820 84126 613504
8700 129915 83148 610056
8800 130341 83101 631024
8900 137919 81775 618886
9000 133072 85609 641999
9100 140504 85064 638358
9200 134019 84737 660433
9300 142973 89116 655315
9400 147191 89873 672316
9500 144586 92236 703428
9600 148827 91318 679250
9700 148282 86382 688737
9800 151696 93305 698462
9900 154720 90969 702479
10000 156798 97464 719316
100 744 606 3979
200 1731 1292 8580
300 2704 1834 13161
400 3865 2560 19453
500 5017 3600 24731
600 6985 4536 30760
700 7899 5209 35903
800 8732 5828 41899
900 10029 6629 47707
1000 11175 7306 54539
1100 12389 8569 61184
1200 13735 9162 68059
1300 15013 10160 73329
1400 17223 10387 78740
1500 20380 13161 86549
1600 19447 12852 91382
1700 22153 15175 99384
1800 23264 15870 104748
1900 24839 15869 109930
2000 25480 16940 116842
2100 26260 16941 132131
2200 27746 17459 132267
2300 29770 18399 138104
2400 29625 19155 146310
2500 32376 20666 152132
2600 33040 21046 174868
2700 34563 22871 169219
2800 35521 23192 191197
2900 37847 24883 182581
3000 39390 25694 188926
3100 39695 25338 197113
3200 43890 28078 195967
3300 44387 30553 213972
3400 48575 31388 217139
3500 46319 29075 224651
3600 47810 28923 228941
3700 50977 33119 238259
3800 53624 32945 240631
3900 53292 34931 254099
4000 55347 35121 256043
4100 55932 34464 263921
4200 58925 36057 268266
4300 59320 38477 281911
4400 59995 37418 286906
4500 60835 38203 295609
4600 65328 40621 324248
4700 63573 40795 315681
4800 66677 42829 316745
4900 70255 45535 327689
5000 74755 48425 330470
5100 72775 49118 344800
5200 71883 46028 349211
5300 73361 47150 354384
5400 77511 48977 360338
5500 76800 48460 369064
5600 81118 53682 378439
5700 80572 52350 384983
5800 82190 52495 394305
5900 84110 53846 398645
6000 87936 53381 410027
6100 85818 52970 421843
6200 96144 55950 409032
6300 91720 58365 424315
6400 91327 61085 438833
6500 93970 62416 454822
6600 96934 61921 451220
6700 94941 64072 462557
6800 99051 59534 459805
6900 102451 70714 476604
7000 103629 62757 474701
7100 105977 71608 487518
7200 110953 71745 501607
7300 106830 63566 514522
7400 109076 72286 842551
7500 113156 70320 520224
7600 108535 71534 570242
7700 120761 75059 568456
7800 120007 73305 548523
7900 115179 69775 555725
8000 117088 73673 584516
8100 119756 76679 603210
8200 122557 80827 575664
8300 127445 79141 618248
8400 129559 79015 638931
8500 128084 78246 597920
8600 131227 81479 609751
8700 132805 83945 614569
8800 134349 76577 613596
8900 140014 84664 620512
9000 135149 82939 629167
9100 137326 90235 647444
9200 142800 92547 656159
9300 135746 86742 668299
9400 142886 86304 667163
9500 149642 89665 680375
9600 145979 90273 710127
9700 146107 94201 697614
9800 148230 92590 702490
9900 147667 94952 713722
10000 153104 94913 709493
100 716 492 3944
200 1679 1178 8583
300 2751 1919 15014
400 3824 2698 18728
500 5880 3665 24781
600 6309 4394 31436
700 7383 4724 36102
800 9447 5592 41154
900 10241 6723 48221
1000 11600 7643 56753
1100 12466 8442 60905
1200 13839 8653 66250
1300 15123 10497 73354
1400 19202 13886 78611
1500 18395 13248 86457
1600 19091 12625 93806
1700 20837 12999 100370
1800 22080 15056 104572
1900 23671 14998 113637
2000 24729 15009 118022
2100 25766 16507 127351
2200 27416 17662 132616
2300 29131 19417 140908
2400 30677 18637 145986
2500 32187 20939 153953
2600 32961 21921 161321
2700 35735 24430 166508
2800 36186 24200 181485
2900 39070 25488 190846
3000 40039 26177 187266
3100 42303 30132 201927
3200 43927 25759 202666
3300 44192 30220 209725
3400 48479 30713 213715
3500 47600 29091 220546
3600 48585 29592 226477
3700 50604 31099 233659
3800 52852 33154 243183
3900 53177 34062 251617
4000 55504 34948 258712
4100 59409 36571 265171
4200 58905 36260 272717
4300 59732 37107 281492
4400 59564 38524 292033
4500 66273 43515 298831
4600 65648 42685 300901
4700 63996 40603 310844
4800 65444 42277 318560
4900 67762 43020 325654
5000 70688 45330 330638
5100 73420 45956 337287
5200 75765 49457 349376
5300 75668 48651 358801
5400 76297 46713 362804
5500 80798 49809 368696
5600 77549 47292 377425
5700 80028 49297 385413
5800 82949 50571 385590
5900 84132 54985 396155
6000 88971 54919 405018
6100 93688 63310 457853
6200 88974 56619 423605
6300 90617 58224 435307
6400 98916 63488 436679
6500 93589 60553 716962
6600 95073 59943 728699
6700 102872 61965 456354
6800 95469 61376 488032
6900 99826 65440 475462
7000 106064 65224 485720
7100 101361 61769 498195
7200 105558 65107 495979
7300 106209 68415 510502
7400 108402 66854 518757
7500 110234 66350 514134
7600 113884 65808 519960
7700 117064 70647 526823
7800 117895 76344 541648
7900 115646 74064 558869
8000 118825 76838 556050
8100 123374 79010 564947
8200 126614 79498 576696
8300 120999 74264 583626
8400 126385 73579 579710
8500 126691 80209 602405
8600 134889 90113 608330
8700 126213 80262 628756
8800 130681 83290 626630
8900 132341 82781 627787
9000 135706 86327 638212
9100 143814 96013 648246
9200 139038 86975 656562
9300 141424 84392 662007
9400 141118 83445 662419
9500 141704 89220 680720
9600 157772 105718 685235
9700 145944 93293 698837
9800 148726 91523 702447
9900 157645 96538 708376
10000 155836 94774 720574
100 757 622 5658
200 1996 1434 8896
300 2674 1856 14390
400 3977 2770 19009
500 4983 3508 25848
600 6078 4324 30825
700 7376 4764 36469
800 8808 5939 45867
900 9950 6621 48860
1000 10986 7457 55392
1100 13023 7838 60394
1200 14272 8870 65623
1300 14892 9463 72424
1400 16703 9978 78530
1500 18080 11520 87251
1600 19236 12490 91846
1700 20581 13015 99441
1800 21732 14584 106850
1900 23612 16172 113197
2000 24897 16153 117678
2100 25518 16717 127639
2200 28273 18651 131971
2300 28239 18231 141659
2400 29966 19503 146267
2500 31228 19556 152832
2600 34523 23054 160299
2700 33868 21847 167928
2800 37632 22734 175753
2900 38993 23908 180478
3000 40607 24948 188711
3100 41317 25899 194338
3200 42058 28108 200761
3300 45687 26523 205820
3400 45615 29911 219150
3500 48457 31172 223583
3600 50548 33081 226091
3700 51151 35466 239181
3800 51782 33142 243080
3900 53661 34126 248004
4000 55418 37423 258646
4100 60313 40148 262794
4200 58410 37462 273681
4300 59070 36525 279122
4400 59375 37868 289182
4500 60372 39127 299498
4600 63192 39177 304990
4700 64342 40097 319349
4800 67934 40786 314066
4900 68579 42414 322442
5000 70086 45715 334904
5100 71712 45787 342158
5200 72207 45011 349340
5300 75806 45377 349654
5400 75069 46425 570535
5500 80982 49141 592785
5600 80042 49642 372848
5700 79942 50642 393499
5800 81446 50134 391735
5900 84533 53204 397692
6000 84758 53820 406541
6100 88816 53239 411001
6200 89467 54891 413764
6300 89290 58039 433220
6400 91251 54298 434427
6500 91138 55999 445282
6600 94859 58011 456792
6700 98164 62408 454456
6800 99065 63702 480220
6900 100644 61343 469642
7000 100965 62560 481608
7100 103273 58043 487334
7200 107854 69819 500455
7300 108993 68945 504704
7400 108469 63939 506513
7500 107818 67647 523744
7600 114668 72654 523239
7700 111950 66995 539706
7800 117097 77860 543493
7900 118289 80346 551490
8000 126983 78493 565938
8100 118644 72715 579329
8200 122628 76455 564919
8300 121338 76965 597249
8400 127282 78894 600263
8500 127672 79949 593490
8600 129897 78512 593273
8700 131497 80071 614581
8800 130548 80655 623217
8900 136545 84417 617059
9000 134515 83025 638837
9100 134749 83825 650109
9200 143029 84180 653259
9300 140341 89940 669897
9400 148414 90409 662446
9500 142640 85737 676706
9600 148079 92997 675567
9700 146225 91713 811859
9800 154741 97184 699984
9900 153452 101061 713890
10000 154284 102330 715263
100 728 533 3757
200 1674 1245 8245
300 2713 1961 13542
400 3965 2580 18731
500 4943 3319 24644
600 6373 4087 29950
700 7976 6033 36133
800 8889 5469 41963
900 10264 6524 48404
1000 11028 6978 54475
1100 13216 9019 61155
1200 13556 8961 66786
1300 15090 10121 73424
1400 17438 11529 79756
1500 18019 11069 85253
1600 19910 12475 92341
1700 20170 13282 100890
1800 22893 14115 105395
1900 23902 14176 111176
2000 25265 15824 117993
2100 26319 16340 126663
2200 27794 17017 130493
2300 28855 17746 135982
2400 30351 19342 152421
2500 31907 21638 152260
2600 32858 20676 159178
2700 36347 22849 163346
2800 36636 22429 171916
2900 38210 25722 180653
3000 39238 24726 187243
3100 41429 25611 203371
3200 42589 26720 203837
3300 43897 26954 328032
3400 45663 28510 343346
3500 47612 29919 360863
3600 47531 29853 368760
3700 49260 32335 368342
3800 50968 33065 395054
3900 51104 33302 396454
4000 55130 37630 267137
4100 54925 34496 269176
4200 57278 38997 273783
4300 58322 37479 282444
4400 59214 35839 287963
4500 62319 39648 295722
4600 64922 39635 303429
4700 65776 42581 313414
4800 67883 43610 319213
4900 67913 40858 324734
5000 72430 46687 331141
5100 72869 48763 342447
5200 75293 48563 354069
5300 74774 49378 357163
5400 77233 43146 348018
5500 78174 50751 376225
5600 82006 55483 377927
5700 80169 51981 387391
5800 84470 52477 394029
5900 83170 50695 400854
6000 83145 52488 411473
6100 90639 54946 408709
6200 88478 54218 424305
6300 94277 59147 431981
6400 94008 59844 434969
6500 91840 55282 441278
6600 99163 63379 448437
6700 96392 63040 466587
6800 99079 62775 470069
6900 101593 65381 482347
7000 101214 60743 484175
7100 105826 69769 490329
7200 106253 64460 494384
7300 107671 65584 505833
7400 106909 69122 530018
7500 108708 69221 519715
7600 112226 69344 526406
7700 114183 68503 532580
7800 115704 71960 545110
7900 121944 81150 562457
8000 122984 79322 550838
8100 118441 71500 562897
8200 125136 81168 576056
8300 123383 80246 586326
8400 126375 79451 591528
8500 125615 75171 595337
8600 134308 90715 622265
8700 141280 95931 617149
8800 131402 85582 623607
8900 134064 81862 628258
9000 132883 84445 652192
9100 138368 84226 640458
9200 138535 89553 659315
9300 138335 85052 664861
9400 140555 86144 671806
9500 148575 94319 671259
9600 142527 90897 693767
9700 146926 90843 1122852
9800 148272 90674 697365
9900 154300 92429 701650
10000 150126 95895 722315
100 793 571 3965
200 1715 1259 8533
300 2887 2111 13614
400 3803 2599 18614
500 5075 3498 25407
600 6087 4022 30610
700 7345 4982 36175
800 8897 5943 41270
900 9855 6530 48109
1000 11320 7793 54310
1100 12381 7812 59947
1200 14035 9045 67849
1300 15265 10372 73614
1400 16593 11395 83011
1500 18360 12283 85466
1600 19573 12640 92495
1700 21024 13676 99015
1800 21643 14411 108483
1900 22767 14985 114861
2000 24913 15409 117365
2100 26688 17303 133164
2200 28279 18752 134067
2300 29745 19633 139721
2400 30301 19389 147177
2500 32396 20101 152695
2600 33553 21439 162151
2700 35054 22141 163575
2800 38657 24389 175982
2900 37758 23828 180459
3000 39320 26672 187909
3100 41035 27304 195295
3200 42374 26056 201689
3300 44258 28108 209417
3400 43766 28692 217737
3500 47966 27686 227464
3600 47735 32960 234341
3700 50878 35352 240150
3800 53530 32696 249625
3900 53774 35161 257584
4000 55523 33545 260296
4100 55571 34768 265619
4200 58092 37492 274122
4300 58118 37601 282853
4400 60205 39411 294249
4500 64802 43715 302801
4600 65120 39005 303913
4700 64730 40380 308867
4800 66205 41722 318995
4900 67170 43020 328340
5000 71830 43231 327133
5100 71277 46072 340816
5200 73308 50072 349447
5300 73934 46245 355391
5400 77169 51880 360272
5500 77424 49198 369377
5600 79063 52764 376190
5700 84462 53601 382673
5800 84535 56698 393591
5900 84258 57051 399235
6000 84169 53894 412251
6100 89280 55053 411425
6200 87829 54821 423143
6300 90610 55862 429505
6400 93121 56690 433802
6500 95359 57651 438612
6600 96485 62304 450864
6700 98113 61560 453774
6800 100115 65019 468601
6900 100022 61477 473983
7000 100799 63874 481851
7100 103197 62870 489763
7200 104162 65047 507985
7300 106643 65439 505916
7400 108036 70091 517381
7500 111702 74198 523869
7600 115007 73959 525762
7700 114266 73374 551444
7800 114089 69893 546916
7900 115948 71169 558414
8000 118227 74699 564266
8100 120537 79194 570779
8200 124432 79066 569172
8300 125092 77420 573457
8400 130972 80749 592946
8500 133219 78038 581970
8600 127418 82012 612397
8700 126962 75533 609260
8800 131688 81428 617814
8900 135567 89935 628557
9000 142487 80320 635715
9100 140663 84596 637007
9200 139992 88563 670605
9300 142182 87399 662742
9400 141161 93892 673822
9500 151802 92952 681935
9600 148822 97147 687419
9700 148994 89271 695941
9800 146763 89749 711191
9900 147985 96468 719367
10000 155369 93335 699540
100 677 497 3676
200 1784 1361 8682
300 2746 1888 13915
400 3853 2803 19056
500 5365 3948 25075
600 6686 4833 30862
700 7300 4683 36771
800 8736 6263 42087
900 9728 6456 48396
1000 11278 7555 55261
1100 13096 8272 60277
1200 14643 9738 67799
1300 16316 10309 70857
1400 16609 10772 79808
1500 18074 12527 86264
1600 19874 12602 92398
1700 20431 13701 98000
1800 21749 13722 106262
1900 22818 15514 113327
2000 25555 17124 122065
2100 26304 18332 126960
2200 27639 17864 133491
2300 29955 18984 136534
2400 30968 19762 147611
2500 34021 20656 154161
2600 33227 21568 160878
2700 34562 22416 167434
2800 35952 22428 175543
2900 37117 24403 181918
3000 39998 24607 188203
3100 40480 23455 192581
3200 42982 28203 202758
3300 44440 30294 214222
3400 45772 28298 213491
3500 48349 32916 223951
3600 47633 30387 231396
3700 50564 32073 238574
3800 52031 32292 243178
3900 52677 32444 249532
4000 53928 35848 262985
4100 56043 34754 262652
4200 57953 38121 276376
4300 59131 37266 283366
4400 60699 41198 288888
4500 65506 43385 300074
4600 61896 39743 303917
4700 67972 41922 305608
4800 70075 46752 317308
4900 71124 48837 323822
5000 73966 47077 343916
5100 73093 46360 346734
5200 71522 44783 358901
5300 76713 46433 347496
5400 79373 49749 353632
5500 77441 46882 368146
5600 80844 54313 379344
5700 79909 49208 406200
5800 82808 47762 386570
5900 84995 51909 409272
6000 83144 51313 411244
6100 89791 54901 433069
6200 88141 58377 420456
6300 92269 59882 430392
6400 90682 56415 442451
6500 92098 61269 449479
6600 95512 60619 449849
6700 100199 64804 467120
6800 99878 64756 463922
6900 104189 67195 480704
7000 105593 67277 479551
7100 108369 64737 488990
7200 104088 62746 492669
7300 108546 70218 503237
7400 109407 62126 514406
7500 115807 64738 511458
7600 112733 69130 527008
7700 115167 74520 541453
7800 119681 79915 553864
7900 113755 70970 558472
8000 122329 73721 559694
8100 120532 80957 568691
8200 122995 72771 566231
8300 126380 76500 585002
8400 128638 80829 619580
8500 127594 80139 604040
8600 128308 79395 962568
8700 128512 80239 724250
8800 137600 94923 625272
8900 130191 82328 636636
9000 136392 84195 636427
9100 136697 81436 634625
9200 143069 90609 654608
9300 141021 85972 661763
9400 141070 93764 678062
9500 146248 89916 692389
9600 144762 89128 693348
9700 148684 91212 689561
9800 149717 98406 701394
9900 150291 89305 708019
10000 146824 91576 727047
100 694 547 3914
200 1761 1234 8434
300 2803 1786 13181
400 3923 2577 18505
500 5074 3546 24450
600 6124 3994 30394
700 7410 4846 36566
800 8529 5714 42916
900 10066 6362 47596
1000 10913 6947 54947
1100 12932 8687 59798
1200 13856 9464 67723
1300 15288 10723 73471
1400 17087 11237 79692
1500 18317 11468 83920
1600 19175 12497 92658
1700 22499 15731 101149
1800 22191 13508 105283
1900 23451 15440 115637
2000 24197 15238 120226
2100 26041 16614 127106
2200 27239 18175 133820
2300 27750 18196 141344
2400 32094 21314 146285
2500 32129 22147 152309
2600 35615 23257 158524
2700 35943 22135 232003
2800 35472 21807 174568
2900 38123 25857 179873
3000 38873 26226 189994
3100 42318 25353 189639
3200 41434 27540 205393
3300 45822 28335 209925
3400 45825 28458 213486
3500 46861 30607 221386
3600 51653 31145 229535
3700 51662 33005 235945
3800 51541 31592 243251
3900 54986 32075 250706
4000 52408 32995 264392
4100 56366 35631 266977
4200 61140 38386 273981
4300 61089 38174 275674
4400 59377 36451 289067
4500 60893 39453 305243
4600 61798 39123 304344
4700 67493 43907 309458
4800 65963 41266 318726
4900 67401 40758 329404
5000 72007 46441 332469
5100 70757 45862 341310
5200 71957 46508 350059
5300 75807 49496 352257
5400 76140 47519 358191
5500 78301 49694 365797
5600 84002 59255 380757
5700 82938 54912 385463
5800 82624 49986 390538
5900 85261 53896 402473
6000 86010 52269 408565
6100 88259 58203 420130
6200 88713 54034 422680
6300 90930 56782 428242
6400 92682 59448 437561
6500 92240 60271 448880
6600 95180 58178 463737
6700 99083 59109 464529
6800 96393 61169 476698
6900 100643 62249 473325
7000 110591 71024 487137
7100 100380 63661 497262
7200 103801 65538 499903
7300 107119 68889 510834
7400 110566 67436 514275
7500 110708 65619 521722
7600 113160 73495 529160
7700 119321 78207 749013
7800 117274 71525 535621
7900 115845 76261 883749
8000 123659 77537 549925
8100 118539 70986 565013
8200 122280 80164 574846
8300 127305 80643 582102
8400 133374 81356 601038
8500 128897 78589 586498
8600 130038 87268 605712
8700 132232 83830 613134
8800 133365 88408 622057
8900 137366 83776 622272
9000 141845 85603 633068
9100 135601 86293 647612
9200 134336 85688 672517
9300 140264 82440 656646
9400 142211 83715 669345
9500 142759 89481 678798
9600 145228 89088 682467
9700 144783 91488 696527
9800 149650 95420 704485
9900 151875 94940 713972
10000 153451 90038 720598
