100 910 447 403851
200 1692 843 120347
300 3103 1627 233234
400 4512 2422 67322
500 5082 2389 67488
600 6490 3703 78628
700 8169 4383 116500
800 9829 4884 112807
900 10799 5431 142591
1000 12090 6168 143259
1100 13269 7041 131894
1200 14372 7146 94675
1300 15660 8402 110107
1400 18455 9079 122077
1500 19627 10639 113678
1600 21113 8961 142444
1700 22262 11895 155024
1800 24800 13817 170202
1900 24666 12784 183358
2000 27986 12720 162527
2100 30507 16571 175199
2200 30230 15783 182305
2300 31347 15892 204012
2400 34073 16333 189769
2500 37359 22321 201379
2600 37358 16722 230483
2700 37803 18984 246453
2800 41692 21518 275693
2900 42319 23637 290122
3000 43483 23170 263281
3100 44144 22762 265814
3200 46619 23968 286766
3300 46093 23237 395585
3400 47179 24312 310809
3500 50446 23304 289832
3600 54349 29169 392692
3700 53448 26635 366528
3800 57667 29923 350467
3900 58769 31222 341922
4000 60822 28927 302215
4100 60290 30699 355401
4200 67485 34625 400875
4300 72938 33610 398512
4400 66547 35857 541761
4500 70565 34098 358622
4600 68553 34978 403172
4700 77608 38655 427724
4800 73174 37924 443880
4900 75143 38188 373254
5000 79905 40131 469413
5100 77201 39657 512334
5200 79957 39457 488090
5300 79415 41596 477496
5400 91297 42151 778340
5500 82456 45757 576904
5600 87701 42936 527010
5700 92045 46551 600119
5800 95909 43977 565622
5900 89344 47196 692178
6000 96429 50388 621773
6100 93907 44539 496714
6200 93609 46744 602851
6300 98022 50512 603975
6400 101533 47860 607438
6500 104248 55849 786388
6600 110113 54855 541958
6700 111725 58640 519460
6800 109234 49709 530158
6900 106554 56154 731940
7000 113200 57235 545275
7100 115156 58563 549129
7200 114943 57762 559445
7300 112669 56637 552759
7400 119724 61019 558810
7500 122633 66834 575845
7600 123553 59605 589214
7700 119435 60181 596955
7800 133355 62224 599954
7900 128314 63840 612062
8000 124681 56306 694281
8100 129214 64993 585506
8200 132773 69239 607802
8300 136596 65734 644145
8400 145616 76079 654072
8500 133890 65376 622661
8600 145688 71127 635677
8700 144761 78592 688683
8800 152185 71831 697611
8900 158444 82649 701412
9000 158950 69909 710691
9100 154117 79886 712205
9200 146016 68480 713973
9300 153690 77128 728810
9400 150521 73685 731325
9500 156805 75725 699029
9600 156562 80579 702852
9700 161331 81886 724315
9800 164547 84883 715625
9900 158333 77807 729891
10000 166342 77584 822837
100 760 382 4660
200 1810 1007 13732
300 3026 1217 21471
400 4221 2029 31895
500 5284 2454 35675
600 6758 3585 50361
700 9028 4671 45397
800 9084 4618 59826
900 12315 6734 75060
1000 11775 6586 70470
1100 14428 7863 90933
1200 14761 6554 87394
1300 15575 7802 109215
1400 17338 8585 92405
1500 20260 9339 97934
1600 22463 10942 104166
1700 22304 11317 109229
1800 23475 11507 122402
1900 26997 13077 154561
2000 28827 16276 161833
2100 31151 16970 172639
2200 31232 13998 173374
2300 30825 15343 181460
2400 30810 16474 188831
2500 34778 17122 177008
2600 37919 16065 199741
2700 36929 18151 216597
2800 41010 23174 223466
2900 43084 24080 246834
3000 43325 22507 202848
3100 44661 21125 230513
3200 45298 22389 272511
3300 48369 22461 275061
3400 51212 29432 301850
3500 51552 25692 247084
3600 54355 29972 277030
3700 53635 24791 281584
3800 54799 27022 292032
3900 55879 27550 299200
4000 63851 32332 289732
4100 63676 31279 289557
4200 67749 31312 292920
4300 65991 31054 308593
4400 64696 33470 306028
4500 65317 32824 348879
4600 72711 36453 352380
4700 70962 36245 359608
4800 75434 36297 360503
4900 84165 37315 376723
5000 79949 37076 377700
5100 84022 41711 354939
5200 79216 40969 401530
5300 87400 47661 407796
5400 90392 44151 612944
5500 91231 50074 394186
5600 94907 51668 394004
5700 88916 45012 398638
5800 93457 48964 404903
5900 93035 46869 419682
6000 95660 48043 432662
6100 96287 44500 430310
6200 94616 44288 433576
6300 104743 59094 463056
6400 97230 48755 449405
6500 104736 58067 504653
6600 105847 50466 475852
6700 103967 56093 510277
6800 108347 57144 511262
6900 109620 50921 521183
7000 113745 57134 543419
7100 117731 52488 493982
7200 115524 56401 550738
7300 122726 63065 529251
7400 119896 61238 533797
7500 119096 53032 553022
7600 129201 59674 545923
7700 128075 68058 561270
7800 120057 62429 569555
7900 141781 79420 584293
8000 128935 67091 583958
8100 136605 69888 591776
8200 128503 66360 597657
8300 131353 67099 596563
8400 131919 65284 605907
8500 142097 69512 635895
8600 139578 73450 675993
8700 142741 79885 675002
8800 148495 79532 686971
8900 154809 87276 752992
9000 157090 74407 958229
9100 152231 74849 669232
9200 147988 68609 718584
9300 162384 85485 740319
9400 160364 86757 741060
9500 160885 81627 743685
9600 165226 90316 739210
9700 157536 74929 754864
9800 156079 82129 766695
9900 160805 83172 726723
10000 158238 74038 729397
100 759 335 4461
200 1686 750 13755
300 3300 1900 21445
400 4136 2035 26420
500 5524 2567 32857
600 6657 3398 40814
700 8324 3895 46562
800 10012 4856 53544
900 10112 5071 58497
1000 11836 5584 89345
1100 14134 7244 73898
1200 14327 7147 79554
1300 15938 8402 84969
1400 17490 9102 93330
1500 18352 9500 101164
1600 21613 11971 106836
1700 22363 10610 111992
1800 22898 11700 118054
1900 26013 12915 174404
2000 25766 13165 132385
2100 26162 13045 156421
2200 31117 15937 161216
2300 31450 16571 171952
2400 32432 17738 193286
2500 38260 21374 187193
2600 37240 18743 189060
2700 38251 19513 203424
2800 39212 17819 187578
2900 41370 22501 192696
3000 49575 24435 200575
3100 43985 21012 378434
3200 45371 20413 343149
3300 48241 23510 339214
3400 50327 28260 354779
3500 51347 26342 371502
3600 52604 27205 246972
3700 54260 28205 310056
3800 56490 29389 264104
3900 59886 31291 331795
4000 59817 30856 340560
4100 63422 36063 320585
4200 60807 29766 358214
4300 65331 34939 340440
4400 65838 33323 336831
4500 68325 34393 351585
4600 70852 38191 354100
4700 69966 31639 415351
4800 69848 36432 365400
4900 78259 36487 377932
5000 75959 39780 377546
5100 76464 38329 372818
5200 80125 40517 438909
5300 78178 37685 400349
5400 80382 40396 560742
5500 82329 39428 413214
5600 90803 42130 613835
5700 91244 43026 648415
5800 90136 46997 412295
5900 95228 46147 631391
6000 95471 47515 619952
6100 98493 54228 632658
6200 100119 51994 672004
6300 94794 51159 686333
6400 103378 50232 649631
6500 100633 49735 661102
6600 100821 49397 650708
6700 104319 51090 640930
6800 111769 44723 475577
6900 115031 60444 540672
7000 109493 55425 540736
7100 116485 53939 780490
7200 129942 62365 829581
7300 117848 58711 528046
7400 120922 59027 535477
7500 124725 55773 536814
7600 124112 55917 552908
7700 126177 67683 551811
7800 143435 76677 587023
7900 127352 65315 576141
8000 127973 62100 569626
8100 127383 67361 593664
8200 135626 66579 586906
8300 131456 64398 663397
8400 145957 70661 639062
8500 141446 67129 643123
8600 148492 76384 652903
8700 138806 65338 656819
8800 142194 71306 661273
8900 155082 75761 672489
9000 145824 73744 663243
9100 140360 72041 672223
9200 157170 72384 672974
9300 162680 86553 679918
9400 157400 77966 679428
9500 157989 76831 710539
9600 156401 78487 703224
9700 163007 90090 718708
9800 163437 87182 737416
9900 164914 88824 734070
10000 160347 79036 745719
100 793 402 5947
200 1968 973 14099
300 3089 1258 20953
400 4244 1809 27146
500 5477 2347 34660
600 7208 4050 40846
700 7474 4127 46954
800 10556 4977 54348
900 12610 6861 61441
1000 12642 6835 66150
1100 14308 7358 77813
1200 15564 8664 81231
1300 19274 9815 84780
1400 18203 9421 92028
1500 19094 10047 98947
1600 19717 9498 107052
1700 22919 10983 111425
1800 22791 11444 122111
1900 24542 12079 127993
2000 25509 12674 133703
2100 27856 13843 140188
2200 34161 18829 207935
2300 33587 15865 179027
2400 36668 16645 198733
2500 36105 17487 193941
2600 38611 20496 205606
2700 39212 22852 187480
2800 41803 18913 183813
2900 39180 21269 195962
3000 43536 23036 199065
3100 49114 24525 219151
3200 44886 23506 219960
3300 47506 23788 223693
3400 50186 25460 234096
3500 49477 25365 238708
3600 51328 26490 249528
3700 51221 26285 257723
3800 55891 26798 259910
3900 57760 29451 273088
4000 59703 31785 276921
4100 60290 32689 282880
4200 63339 30628 292310
4300 60362 32782 301309
4400 69626 36843 308652
4500 71529 33333 312880
4600 71036 38211 326279
4700 71382 36784 327887
4800 72488 34696 373547
4900 74983 37833 348070
5000 80379 36236 345890
5100 77971 39143 355153
5200 83429 36623 370143
5300 88802 49785 379386
5400 85999 45477 382527
5500 83325 43452 390126
5600 86067 42194 405782
5700 89664 40144 406987
5800 92491 50912 410972
5900 89981 41171 420499
6000 95868 47606 428542
6100 94030 45122 467259
6200 97123 45821 473662
6300 96867 45797 480329
6400 100470 45881 447009
6500 103150 57759 488658
6600 107609 52377 496288
6700 105684 51750 520224
6800 112253 57682 532425
6900 110851 52865 492927
7000 106798 52343 497257
7100 109489 55299 574862
7200 112786 58589 558759
7300 116376 54505 555756
7400 118915 56441 564665
7500 125842 55662 588214
7600 120981 57128 591133
7700 130480 58101 781286
7800 131283 67524 565389
7900 124900 64648 570331
8000 141379 79780 585053
8100 129188 63345 580800
8200 134990 70094 633261
8300 136198 70666 647490
8400 135698 62629 649543
8500 137867 62077 650492
8600 144037 71167 681235
8700 143874 70311 676365
8800 143547 71093 681640
8900 141109 69054 1048575
9000 144265 71744 664556
9100 148263 74568 660961
9200 155967 69914 666040
9300 157224 77137 679773
9400 156479 86795 696532
9500 149145 74986 700311
9600 169010 81935 703522
9700 168185 80069 750437
9800 166867 89408 719976
9900 163906 86831 764233
10000 158631 82587 738077
100 755 347 5647
200 1867 667 12907
300 2781 1400 20360
400 4274 1933 26690
500 5918 2516 36794
600 7175 3412 39363
700 8166 3748 51625
800 9525 4670 51706
900 10985 5300 60431
1000 12014 6557 67705
1100 13325 6506 73237
1200 15233 6930 78921
1300 15816 8148 84245
1400 18088 8247 92214
1500 18807 9029 99711
1600 22988 10077 108717
1700 23508 11207 117647
1800 22596 10912 122640
1900 26711 12403 156906
2000 30575 17457 133854
2100 27979 13205 136283
2200 32791 17822 242269
2300 31263 16524 181795
2400 32880 17657 196903
2500 36258 19651 208275
2600 36119 16176 186209
2700 36860 18727 196302
2800 38317 20814 206017
2900 46012 25264 224821
3000 44924 19088 228960
3100 48931 24254 254908
3200 51492 28262 261220
3300 46555 23651 264126
3400 50208 25835 334993
3500 50042 25279 335662
3600 50679 25791 290645
3700 56052 27166 253141
3800 59306 31404 257477
3900 58822 31264 268066
4000 63124 33329 278530
4100 60060 32023 281221
4200 61568 31336 294693
4300 65021 30771 293100
4400 63799 33831 312520
4500 72862 33511 347192
4600 68410 33710 470799
4700 71008 35703 331874
4800 70655 36554 337491
4900 78282 37316 366650
5000 79790 39395 350221
5100 80184 41621 420964
5200 82616 40653 405049
5300 79356 35920 412510
5400 91048 46596 420254
5500 86761 40058 451067
5600 91466 38460 498803
5700 85639 40662 400073
5800 89577 47904 409761
5900 89241 40803 413211
6000 90445 43966 429539
6100 100604 54177 441392
6200 100051 51749 447348
6300 101629 42083 447196
6400 101930 53723 464628
6500 99855 49855 469394
6600 110233 57246 489636
6700 114348 62224 478616
6800 106513 49033 484498
6900 106008 50261 729414
7000 120261 57027 503766
7100 113663 57033 510311
7200 111909 57798 559667
7300 115720 57952 568385
7400 119887 66226 575829
7500 116954 61214 592735
7600 128075 59334 583347
7700 126130 61459 878766
7800 121260 64881 594909
7900 133738 59065 594390
8000 127908 60831 615727
8100 137416 75723 631531
8200 137251 62212 635477
8300 134157 60996 675784
8400 138101 67148 616261
8500 137368 68490 692369
8600 141562 66997 651490
8700 142736 73378 662653
8800 142504 73529 677738
8900 152976 78410 692895
9000 149700 73139 688153
9100 149234 78239 697387
9200 151576 81463 702315
9300 161326 89374 718073
9400 151569 71136 723273
9500 156595 90613 734328
9600 166419 88907 752532
9700 162985 73512 738491
9800 170717 89649 757866
9900 160427 88910 733570
10000 175070 86645 741790
100 793 338 5768
200 1807 1045 13830
300 2812 1309 21208
400 4063 1848 28168
500 5493 2704 33075
600 7352 4098 50909
700 8794 4447 46226
800 9303 4814 49220
900 11598 4589 65820
1000 13497 5829 82050
1100 15472 7420 84482
1200 14814 7300 98050
1300 16998 8976 111488
1400 17711 8920 118465
1500 18727 8632 99384
1600 21068 12371 104727
1700 21921 11342 112323
1800 24128 14156 161855
1900 25216 12668 155714
2000 26938 15732 156775
2100 27006 13908 153640
2200 29090 15039 171678
2300 30497 15393 169704
2400 36400 21964 176349
2500 34250 15932 182844
2600 34107 15976 204918
2700 37153 16306 211109
2800 39074 20562 216863
2900 39022 19418 227431
3000 42700 20744 234162
3100 48000 24871 241585
3200 45342 20879 245329
3300 51211 27493 321437
3400 49663 23013 331272
3500 50439 23806 337056
3600 51190 26933 345613
3700 54980 24641 291967
3800 55569 26377 297065
3900 59067 29861 314469
4000 63722 32245 316649
4100 61308 31229 324319
4200 63104 30525 327250
4300 69409 35676 345597
4400 63459 31074 354433
4500 65767 32423 305427
4600 67562 32322 320309
4700 69121 31782 332977
4800 75626 38131 341724
4900 73161 35627 349072
5000 85866 40760 350628
5100 80709 41122 367997
5200 82088 39169 405475
5300 94106 52481 418762
5400 83169 41762 406970
5500 84137 44287 425210
5600 84919 44139 483606
5700 87134 41110 430749
5800 88594 45595 442232
5900 89484 45453 465857
6000 91813 45025 471172
6100 93957 47359 433315
6200 99594 51339 481249
6300 99315 49003 503364
6400 104189 51365 493123
6500 103936 52677 506185
6600 109853 54926 507573
6700 105623 60215 522442
6800 111202 55239 534631
6900 109187 55622 534545
7000 111713 60097 550525
7100 133225 66561 564710
7200 114454 53009 535616
7300 120106 62414 554142
7400 116750 53212 550439
7500 116083 58754 571977
7600 124306 61330 598811
7700 123716 61213 606129
7800 123414 60833 596134
7900 126669 66473 601275
8000 131460 64556 615097
8100 137012 60335 635283
8200 131244 60674 632417
8300 134365 71593 746847
8400 137524 71923 658104
8500 138310 69861 659231
8600 148483 78852 674976
8700 143126 73438 672381
8800 152768 80777 699343
8900 140183 69757 683606
9000 145915 74285 743478
9100 149014 69353 762991
9200 147919 76360 709130
9300 148328 73487 712756
9400 157430 80109 1046782
9500 157074 79270 1226585
9600 158223 78142 738243
9700 180700 86726 776839
9800 165593 77569 752078
9900 171863 85718 750625
10000 171329 81848 776275
100 755 380 5663
200 1695 824 13514
300 2758 1384 21058
400 3977 1976 26883
500 5475 2895 35594
600 6574 3486 38724
700 8010 4238 44888
800 9492 4122 52765
900 11849 5600 59232
1000 11572 6303 64533
1100 13490 6475 72745
1200 15543 7200 78541
1300 17781 8328 85770
1400 17473 8002 89945
1500 19062 9336 99166
1600 21281 11732 105647
1700 21877 9357 110900
1800 23831 12456 122563
1900 26216 14279 150735
2000 26736 13943 153373
2100 29385 17013 163717
2200 30062 15120 168247
2300 32647 17057 172308
2400 31776 15946 161437
2500 37466 17934 169733
2600 36105 17744 175695
2700 36981 18230 184322
2800 38094 19387 189277
2900 42270 21675 199140
3000 44347 22961 207557
3100 44865 24313 244005
3200 48683 21651 356178
3300 49393 26222 226458
3400 49066 26307 348676
3500 50622 24493 281817
3600 54670 28875 250803
3700 51286 25832 309316
3800 55285 25397 255792
3900 54203 27517 267400
4000 59555 29109 275630
4100 62884 29558 328103
4200 67200 33260 341590
4300 65717 28807 290567
4400 61988 31479 350834
4500 66248 36076 350607
4600 66454 33336 355019
4700 71840 39008 365698
4800 73969 35878 381437
4900 78515 42674 393210
5000 72907 36609 390971
5100 78759 40962 398053
5200 79225 37044 566113
5300 81959 40914 546146
5400 86528 43110 573325
5500 79555 38121 592952
5600 90746 52566 590334
5700 90040 44997 639465
5800 95940 57454 644351
5900 91307 46083 458824
6000 92008 48214 466231
6100 96998 45846 472681
6200 95286 50509 487909
6300 102958 42816 492428
6400 96139 46493 725743
6500 107765 58484 462027
6600 102103 50782 590187
6700 103576 49752 507470
6800 105393 52195 520451
6900 114933 55529 585329
7000 111396 51851 781219
7100 117707 55866 688672
7200 118939 56446 718717
7300 116436 58723 735007
7400 126261 58490 577617
7500 119733 53545 643852
7600 124780 61419 559657
7700 136644 69671 574123
7800 122130 59985 617614
7900 126521 59054 621418
8000 127754 62444 603322
8100 124882 66751 624620
8200 131590 63350 621235
8300 130797 66459 759212
8400 133493 66094 688281
8500 134142 67133 728333
8600 137871 70589 641681
8700 140174 65659 809934
8800 142890 66531 642472
8900 146749 69743 643109
9000 160052 84630 655447
9100 154279 72228 922960
9200 164159 80785 707603
9300 152244 67785 727754
9400 158319 77862 726548
9500 153248 71595 734450
9600 180656 96930 768885
9700 162504 78222 765403
9800 165222 76899 760446
9900 171546 80706 766185
10000 167697 77077 764758
100 741 362 6191
200 1689 806 13834
300 2606 1287 22472
400 4100 2330 31436
500 5792 2892 34441
600 6638 3453 42858
700 7850 4236 45326
800 9300 4993 52403
900 10741 5493 69693
1000 12778 6731 85251
1100 14757 6320 78298
1200 14641 7090 102329
1300 16265 9255 97126
1400 19201 9875 93221
1500 18466 9320 99476
1600 19742 10680 131731
1700 22814 12351 139878
1800 24226 12433 147362
1900 24110 12871 152658
2000 26103 12368 161141
2100 29166 15110 155772
2200 29481 14114 146315
2300 33682 16464 185806
2400 35103 20737 189769
2500 33147 16568 196296
2600 36500 16503 201339
2700 38644 18011 214336
2800 38662 19879 219872
2900 40828 22283 225400
3000 42222 21991 231400
3100 45952 24102 215972
3200 43737 20874 246105
3300 50363 23043 250375
3400 52944 27035 243362
3500 51103 24900 248633
3600 53045 25329 272809
3700 54506 26550 282451
3800 57223 26933 287059
3900 59322 30656 299109
4000 62174 32731 321265
4100 64240 34695 329404
4200 75505 38149 325358
4300 67043 33832 343292
4400 63672 31808 338041
4500 66919 33938 339955
4600 70236 36572 357575
4700 69890 34449 351145
4800 73261 36771 373506
4900 78825 40337 377780
5000 75146 35291 393136
5100 76865 38114 383594
5200 80826 42048 405427
5300 85836 44202 457129
5400 90134 41165 539486
5500 83959 43055 404954
5600 89577 43462 414509
5700 87212 43288 413744
5800 89615 47797 456264
5900 91651 44809 428948
6000 94161 49576 451336
6100 98600 44495 441663
6200 98289 50971 463993
6300 99326 54135 476712
6400 102513 45959 504771
6500 107090 54260 476620
6600 110402 55183 484280
6700 107948 50409 521388
6800 109729 53200 519762
6900 107962 56808 525470
7000 115190 60374 534628
7100 114487 52329 568170
7200 112443 57882 547163
7300 120524 56887 639202
7400 117057 62805 570746
7500 125252 64321 589430
7600 121450 61393 582400
7700 118220 59027 603070
7800 127096 59514 613301
7900 124054 62216 631243
8000 131308 65543 610549
8100 145362 84264 842608
8200 136048 64928 631477
8300 133603 66171 636440
8400 137411 69485 624966
8500 137924 69313 695486
8600 144630 81254 854735
8700 139855 67948 697022
8800 150056 76214 658609
8900 143214 72565 689106
9000 145272 71957 774119
9100 147304 74720 720182
9200 151695 72542 720880
9300 147713 74532 708895
9400 152245 75794 738707
9500 162554 87013 848920
9600 166030 77761 747225
9700 159556 82233 754312
9800 162843 87009 732891
9900 165010 84329 858442
10000 174717 82942 974024
100 803 422 6620
200 1913 851 14097
300 3443 1568 23742
400 4186 1884 34275
500 5771 2845 41915
600 6923 3361 45621
700 7759 4062 55357
800 9404 5280 67115
900 11085 5863 74604
1000 12328 6822 86804
1100 14046 5960 94119
1200 15088 8030 96559
1300 16748 7302 84153
1400 19164 9180 119182
1500 19377 10065 125921
1600 21846 12448 136087
1700 22674 9343 154081
1800 25068 12697 147425
1900 25842 13094 192753
2000 29649 15486 209389
2100 29407 14540 161008
2200 28901 13585 150143
2300 31654 16257 161453
2400 34369 16208 181286
2500 36623 19748 214109
2600 34703 17493 233776
2700 40880 21447 220855
2800 39654 21043 231952
2900 38992 17922 251908
3000 45538 22600 255261
3100 42277 21650 215720
3200 45171 22957 265011
3300 46457 22494 268980
3400 47634 23790 289530
3500 51083 24833 319529
3600 54385 27793 325044
3700 53945 25620 302751
3800 58184 29051 344591
3900 57747 27275 346717
4000 58530 31258 316762
4100 59971 29198 328549
4200 64690 33080 291549
4300 62766 31901 345666
4400 62813 31357 348556
4500 66628 33066 392668
4600 70520 37349 349411
4700 72245 36600 376257
4800 73076 36404 358994
4900 83228 47164 390699
5000 77088 39396 383909
5100 77103 42188 387916
5200 89850 48465 406190
5300 82956 37646 412058
5400 85764 43098 409272
5500 86618 41365 414364
5600 88221 44994 429248
5700 86262 42973 413590
5800 90382 42662 438797
5900 103032 43676 450199
6000 97070 53412 468943
6100 93972 47257 467379
6200 106274 58131 492919
6300 94419 45639 525152
6400 102191 49309 485097
6500 104160 51412 480516
6600 109064 60126 556988
6700 106508 49590 484651
6800 111868 57167 592749
6900 113571 58305 779993
7000 114846 58071 587367
7100 121807 64107 534557
7200 112569 59287 541814
7300 113441 56370 572269
7400 116685 55577 565564
7500 131395 61267 579167
7600 126871 64478 582138
7700 134464 66915 677361
7800 131882 65373 621135
7900 130302 63421 579050
8000 135341 63996 581241
8100 131123 66504 665514
8200 138132 64320 743774
8300 132742 64468 641363
8400 142777 68215 652675
8500 137539 71742 618714
8600 142560 65681 668601
8700 159666 90661 698889
8800 149932 69916 679533
8900 143309 67811 687437
9000 147735 79461 800246
9100 142042 74144 675005
9200 148523 70784 733137
9300 155962 70156 732446
9400 161098 87508 724287
9500 178035 80033 776955
9600 171697 83266 815032
9700 171257 83664 1053291
9800 158096 83506 1075751
9900 176178 91063 801936
10000 162068 76276 800133
100 753 407 6271
200 1905 1190 14325
300 3041 1684 17175
400 4237 1929 31817
500 5678 2673 35324
600 6294 3271 48283
700 8101 3975 56109
800 9713 5087 59840
900 10479 4983 75226
1000 12425 6203 85915
1100 13513 7463 85230
1200 15785 6473 101490
1300 18457 8889 112796
1400 18488 9245 118501
1500 17577 8586 101707
1600 21379 11497 128275
1700 22312 11054 145360
1800 24697 12021 147671
1900 23952 12461 162302
2000 26614 12769 149377
2100 27818 13772 161627
2200 30409 15159 178419
2300 34409 17583 184139
2400 35402 17310 219716
2500 33149 16710 211072
2600 39261 22498 215966
2700 39443 22873 230326
2800 38749 19567 234262
2900 40990 20788 239856
3000 43150 21815 289094
3100 48891 26639 279684
3200 47170 21910 286257
3300 52192 30692 290524
3400 50508 25788 271424
3500 50236 25886 276500
3600 51713 23276 287670
3700 57210 29182 290042
3800 59964 29627 307056
3900 55541 29114 306636
4000 63967 28884 314814
4100 64877 33994 324578
4200 62618 31123 373940
4300 68388 33226 330860
4400 64038 33769 338977
4500 67138 34145 343764
4600 76704 40580 379030
4700 72026 37059 402063
4800 69445 34627 395655
4900 72828 38325 375892
5000 78465 40608 388794
5100 76309 39433 504115
5200 79370 40781 399612
5300 84625 50465 410953
5400 84039 41302 430503
5500 83639 43871 439366
5600 93739 43973 420476
5700 86063 42682 439918
5800 95009 50699 446379
5900 94687 52903 456955
6000 92811 47247 475807
6100 100070 47601 462505
6200 101057 54810 489113
6300 100476 48345 477451
6400 97213 49042 526343
6500 101608 50891 471494
6600 114429 49142 503643
6700 107868 54383 555314
6800 105191 54786 531840
6900 115744 51157 496259
7000 113104 57633 655108
7100 113861 58192 581832
7200 121149 61653 559602
7300 109509 56747 728378
7400 118351 67775 543871
7500 132688 66841 543746
7600 129758 57129 593308
7700 127038 62615 581243
7800 133662 68453 579253
7900 133017 62852 599975
8000 130241 68493 608679
8100 131552 70115 617317
8200 130327 71386 635764
8300 130782 63860 647057
8400 141158 74611 677994
8500 140003 71583 647887
8600 140547 63933 695503
8700 143624 71538 680731
8800 141983 73273 648066
8900 148104 74161 680216
9000 143963 70523 666856
9100 151004 72790 693558
9200 147878 70506 701820
9300 150600 79476 720739
9400 153434 72458 710076
9500 176491 89353 743499
9600 155937 74927 726540
9700 175331 96443 758917
9800 164108 82750 765021
9900 165062 89955 770942
10000 163232 89826 766975
