100 780 399 1023496
200 1859 959 132891
300 3042 1599 57220
400 4337 1911 49094
500 5196 2547 62915
600 6275 3175 83013
700 7883 3865 94056
800 8666 4391 109566
900 10599 5375 103272
1000 11694 5645 90613
1100 14694 6552 89312
1200 14820 7309 109580
1300 17631 9301 103893
1400 17486 9028 130513
1500 18882 9838 137085
1600 20143 9529 149652
1700 21986 10023 160502
1800 23311 11235 163367
1900 26875 13910 178172
2000 27447 13554 187913
2100 27000 14377 211995
2200 29458 15084 203037
2300 34177 19099 198815
2400 34165 18400 157112
2500 38132 17752 231178
2600 36092 16334 220471
2700 40629 16956 232064
2800 38746 19051 259584
2900 44588 23705 258488
3000 43822 21417 276032
3100 45432 21646 308751
3200 45834 23923 299451
3300 48931 21780 316956
3400 52927 24895 317541
3500 52936 26346 311717
3600 53907 24741 240798
3700 52429 27208 362836
3800 57939 25607 393820
3900 61159 26790 427171
4000 62165 34232 427774
4100 58978 29252 419534
4200 60117 29503 282754
4300 64672 31203 453876
4400 66628 35044 462761
4500 71467 37927 486645
4600 68076 37426 500585
4700 75021 37194 435822
4800 70813 33433 495412
4900 71746 33702 518271
5000 77818 35073 550655
5100 84444 36533 556126
5200 77683 36757 548045
5300 87011 39402 1792903
5400 81148 40488 546574
5500 88048 48166 536629
5600 97168 49271 391554
5700 90354 50228 639370
5800 88342 43881 608634
5900 99107 48238 679020
6000 93638 44847 746083
6100 96381 51820 660203
6200 95234 46123 668392
6300 93704 48513 691307
6400 104069 47723 710917
6500 102530 47345 733693
6600 103136 53456 824245
6700 105295 52303 736522
6800 115496 66518 790087
6900 104541 53698 737844
7000 107606 54645 809629
7100 120179 63766 863628
7200 114441 55845 816608
7300 124204 63483 837795
7400 125437 64842 827911
7500 123228 69323 856744
7600 127226 61905 544839
7700 123301 63814 843154
7800 129110 60233 875476
7900 132511 72710 885037
8000 135381 67171 929175
8100 134262 69224 824508
8200 136830 73955 934212
8300 132982 62778 969929
8400 132045 64564 785519
8500 139673 71302 645661
8600 143295 69844 848411
8700 146932 81130 810328
8800 145212 71362 810458
8900 145183 75005 1028938
9000 144714 63033 769906
9100 151344 80705 806922
9200 150294 77418 857812
9300 171062 93616 902620
9400 153777 76955 727780
9500 157834 77067 675312
9600 161652 71499 673078
9700 160542 75035 684826
9800 161233 78806 807491
9900 167975 82482 740568
10000 164419 81532 748239
