100 4950 99 1314853
200 19900 199 551419
300 44850 299 1179520
400 79800 399 2461363
500 124750 499 817572
600 179700 599 1211981
700 244650 699 1616048
800 319600 799 2172936
900 404550 899 2707997
1000 499500 999 3277767
1100 604450 1099 3828945
1200 719400 1199 980082
1300 844350 1299 1045681
1400 979300 1399 1505755
1500 1124250 1499 1710883
1600 1279200 1599 2683556
1700 1444150 1699 2167852
1800 1619100 1799 2310239
1900 1804050 1899 1567519
2000 1999000 1999 2426565
2100 2203950 2099 2509058
2200 2418900 2199 2096795
2300 2643850 2299 2222565
2400 2878800 2399 2800763
2500 3123750 2499 2699739
2600 3378700 2599 3089764
2700 3643650 2699 3332849
2800 3918600 2799 5456337
2900 4203550 2899 5515597
3000 4498500 2999 6084078
3100 4803450 3099 5013165
3200 5118400 3199 8431598
3300 5443350 3299 7360570
3400 5778300 3399 6234860
3500 6123250 3499 8789174
3600 6478200 3599 8649388
3700 6843150 3699 9969290
3800 7218100 3799 9303789
3900 7603050 3899 12651620
4000 7998000 3999 6948795
4100 8402950 4099 8305145
4200 8817900 4199 9452168
4300 9242850 4299 12774400
4400 9677800 4399 13088047
4500 10122750 4499 11499463
4600 10577700 4599 8802853
4700 11042650 4699 14083570
4800 11517600 4799 14293714
4900 12002550 4899 15320159
5000 12497500 4999 12716947
5100 13002450 5099 16279624
5200 13517400 5199 19144944
5300 14042350 5299 20603375
5400 14577300 5399 13784032
5500 15122250 5499 21876147
5600 15677200 5599 20581360
5700 16242150 5699 22034230
5800 16817100 5799 24805327
5900 17402050 5899 40639275
6000 17997000 5999 24836163
6100 18601950 6099 23395839
6200 19216900 6199 16233322
6300 19841850 6299 28948435
6400 20476800 6399 26193898
6500 21121750 6499 26090614
6600 21776700 6599 28625835
6700 22441650 6699 18636045
6800 23116600 6799 18357366
6900 23801550 6899 18690733
7000 24496500 6999 20007755
7100 25201450 7099 19770103
7200 25916400 7199 20330932
7300 26641350 7299 20928654
7400 27376300 7399 21493795
7500 28121250 7499 22067599
7600 28876200 7599 23117173
7700 29641150 7699 23231684
7800 30416100 7799 25439086
7900 31201050 7899 26102506
8000 31996000 7999 25005553
8100 32800950 8099 25636436
8200 33615900 8199 27871597
8300 34440850 8299 27181183
8400 35275800 8399 27610886
8500 36120750 8499 28516536
8600 36975700 8599 28906622
8700 37840650 8699 30323655
8800 38715600 8799 30301754
8900 39600550 8899 31778288
9000 40495500 8999 31842732
9100 41400450 9099 32820435
9200 42315400 9199 33013979
9300 43240350 9299 35129103
9400 44175300 9399 34390355
9500 45120250 9499 36489984
9600 46075200 9599 36066798
9700 47040150 9699 37737588
9800 48015100 9799 37906834
9900 49000050 9899 39139695
10000 49995000 9999 38971722
100 4950 99 9342
200 19900 199 26455
300 44850 299 56083
400 79800 399 123230
500 124750 499 185974
600 179700 599 241888
700 244650 699 314870
800 319600 799 354281
900 404550 899 431889
1000 499500 999 529953
1100 604450 1099 610971
1200 719400 1199 804946
1300 844350 1299 830503
1400 979300 1399 979538
1500 1124250 1499 963127
1600 1279200 1599 1201585
1700 1444150 1699 1438590
1800 1619100 1799 1498691
1900 1804050 1899 1636702
2000 1999000 1999 1752621
2100 2203950 2099 2049903
2200 2418900 2199 2090318
2300 2643850 2299 2281026
2400 2878800 2399 2482287
2500 3123750 2499 2726489
2600 3378700 2599 2886570
2700 3643650 2699 3103253
2800 3918600 2799 3513095
2900 4203550 2899 3649592
3000 4498500 2999 3826755
3100 4803450 3099 4511888
3200 5118400 3199 4479537
3300 5443350 3299 4944077
3400 5778300 3399 5085805
3500 6123250 3499 5279664
3600 6478200 3599 5849273
3700 6843150 3699 5739279
3800 7218100 3799 6020973
3900 7603050 3899 6230311
4000 7998000 3999 6440851
4100 8402950 4099 6779669
4200 8817900 4199 7123662
4300 9242850 4299 7451465
4400 9677800 4399 7714270
4500 10122750 4499 8379431
4600 10577700 4599 8459585
4700 11042650 4699 8786790
4800 11517600 4799 9178972
4900 12002550 4899 9532802
5000 12497500 4999 9924950
5100 13002450 5099 11111605
5200 13517400 5199 11464553
5300 14042350 5299 11382364
5400 14577300 5399 11609068
5500 15122250 5499 18568204
5600 15677200 5599 12379577
5700 16242150 5699 12869807
5800 16817100 5799 13265895
5900 17402050 5899 13748832
6000 17997000 5999 14196283
6100 18601950 6099 15614540
6200 19216900 6199 15204640
6300 19841850 6299 15679884
6400 20476800 6399 16139818
6500 21121750 6499 17168062
6600 21776700 6599 17137771
6700 22441650 6699 17665218
6800 23116600 6799 18188117
6900 23801550 6899 19411938
7000 24496500 6999 19296466
7100 25201450 7099 32909684
7200 25916400 7199 20715328
7300 26641350 7299 20901496
7400 27376300 7399 21555699
7500 28121250 7499 22395709
7600 28876200 7599 22794202
7700 29641150 7699 23264474
7800 30416100 7799 24118325
7900 31201050 7899 24419008
8000 31996000 7999 25118368
8100 32800950 8099 26064238
8200 33615900 8199 26373315
8300 34440850 8299 26993753
8400 35275800 8399 28520529
8500 36120750 8499 40165185
8600 36975700 8599 29923689
8700 37840650 8699 29562115
8800 38715600 8799 31506862
8900 39600550 8899 31087394
9000 40495500 8999 35447181
9100 41400450 9099 40685665
9200 42315400 9199 34756207
9300 43240350 9299 36709034
9400 44175300 9399 37041766
9500 45120250 9499 35388752
9600 46075200 9599 37227751
9700 47040150 9699 37149363
9800 48015100 9799 38162023
9900 49000050 9899 38129739
10000 49995000 9999 39265463
100 4950 99 9324
200 19900 199 26332
300 44850 299 57177
400 79800 399 89218
500 124750 499 132941
600 179700 599 176608
700 244650 699 237806
800 319600 799 300797
900 404550 899 371239
1000 499500 999 742299
1100 604450 1099 958659
1200 719400 1199 629977
1300 844350 1299 739008
1400 979300 1399 841072
1500 1124250 1499 956468
1600 1279200 1599 1089395
1700 1444150 1699 1216521
1800 1619100 1799 1366091
1900 1804050 1899 2638965
2000 1999000 1999 1692102
2100 2203950 2099 1902171
2200 2418900 2199 2080740
2300 2643850 2299 2242768
2400 2878800 2399 2433164
2500 3123750 2499 2603465
2600 3378700 2599 2815513
2700 3643650 2699 3143148
2800 3918600 2799 3202884
2900 4203550 2899 3423609
3000 4498500 2999 3650810
3100 4803450 3099 4805046
3200 5118400 3199 7116546
3300 5443350 3299 7705193
3400 5778300 3399 7300963
3500 6123250 3499 7839341
3600 6478200 3599 6713412
3700 6843150 3699 5609775
3800 7218100 3799 6754478
3900 7603050 3899 6353332
4000 7998000 3999 7179982
4100 8402950 4099 7556924
4200 8817900 4199 7469578
4300 9242850 4299 7531761
4400 9677800 4399 8079193
4500 10122750 4499 8316651
4600 10577700 4599 9571584
4700 11042650 4699 8996951
4800 11517600 4799 9397946
4900 12002550 4899 9861116
5000 12497500 4999 10205986
5100 13002450 5099 10582416
5200 13517400 5199 11793421
5300 14042350 5299 11619120
5400 14577300 5399 14389991
5500 15122250 5499 13256414
5600 15677200 5599 18204366
5700 16242150 5699 19117376
5800 16817100 5799 20773501
5900 17402050 5899 20435785
6000 17997000 5999 21757881
6100 18601950 6099 22123463
6200 19216900 6199 22841296
6300 19841850 6299 23351453
6400 20476800 6399 31188569
6500 21121750 6499 27337109
6600 21776700 6599 28213496
6700 22441650 6699 31046398
6800 23116600 6799 21116534
6900 23801550 6899 19690739
7000 24496500 6999 19374226
7100 25201450 7099 19781824
7200 25916400 7199 22498170
7300 26641350 7299 30784043
7400 27376300 7399 21436111
7500 28121250 7499 22737100
7600 28876200 7599 22571976
7700 29641150 7699 23201098
7800 30416100 7799 24169290
7900 31201050 7899 24398519
8000 31996000 7999 25009649
8100 32800950 8099 26306575
8200 33615900 8199 26308112
8300 34440850 8299 31407895
8400 35275800 8399 30628351
8500 36120750 8499 28189675
8600 36975700 8599 29543543
8700 37840650 8699 29532886
8800 38715600 8799 30242154
8900 39600550 8899 30980122
9000 40495500 8999 31793796
9100 41400450 9099 32583738
9200 42315400 9199 33601973
9300 43240350 9299 35891603
9400 44175300 9399 34613682
9500 45120250 9499 35141629
9600 46075200 9599 38284252
9700 47040150 9699 36642378
9800 48015100 9799 37303460
9900 49000050 9899 38187434
10000 49995000 9999 39396490
100 4950 99 12520
200 19900 199 31375
300 44850 299 57217
400 79800 399 88948
500 124750 499 128927
600 179700 599 176847
700 244650 699 234168
800 319600 799 299795
900 404550 899 370248
1000 499500 999 447709
1100 604450 1099 531625
1200 719400 1199 632749
1300 844350 1299 729839
1400 979300 1399 837740
1500 1124250 1499 969213
1600 1279200 1599 1091091
1700 1444150 1699 1217870
1800 1619100 1799 1366134
1900 1804050 1899 1504718
2000 1999000 1999 1665800
2100 2203950 2099 1850435
2200 2418900 2199 2203620
2300 2643850 2299 2586840
2400 2878800 2399 2429353
2500 3123750 2499 2607349
2600 3378700 2599 2799447
2700 3643650 2699 3019874
2800 3918600 2799 3195936
2900 4203550 2899 3416198
3000 4498500 2999 3676085
3100 4803450 3099 3919334
3200 5118400 3199 4470795
3300 5443350 3299 4428472
3400 5778300 3399 4662435
3500 6123250 3499 4940797
3600 6478200 3599 5219261
3700 6843150 3699 5514166
3800 7218100 3799 5786328
3900 7603050 3899 6099653
4000 7998000 3999 6406502
4100 8402950 4099 6708932
4200 8817900 4199 7055248
4300 9242850 4299 7760899
4400 9677800 4399 7709722
4500 10122750 4499 8043274
4600 10577700 4599 8424445
4700 11042650 4699 8763452
4800 11517600 4799 9122039
4900 12002550 4899 9525604
5000 12497500 4999 10414544
5100 13002450 5099 10326343
5200 13517400 5199 10729156
5300 14042350 5299 11085620
5400 14577300 5399 11511347
5500 15122250 5499 11939003
5600 15677200 5599 12939619
5700 16242150 5699 12823579
5800 16817100 5799 13241370
5900 17402050 5899 13745937
6000 17997000 5999 14184192
6100 18601950 6099 15201728
6200 19216900 6199 15268945
6300 19841850 6299 15804736
6400 20476800 6399 23775408
6500 21121750 6499 18072628
6600 21776700 6599 17155428
6700 22441650 6699 17629149
6800 23116600 6799 18149550
6900 23801550 6899 18709344
7000 24496500 6999 19209601
7100 25201450 7099 19731999
7200 25916400 7199 20569157
7300 26641350 7299 20902752
7400 27376300 7399 21507798
7500 28121250 7499 22376835
7600 28876200 7599 22620222
7700 29641150 7699 24253710
7800 30416100 7799 26823098
7900 31201050 7899 24394341
8000 31996000 7999 25361244
8100 32800950 8099 28736281
8200 33615900 8199 26314039
8300 34440850 8299 27149566
8400 35275800 8399 27651899
8500 36120750 8499 30616688
8600 36975700 8599 28923033
8700 37840650 8699 29568974
8800 38715600 8799 30518538
8900 39600550 8899 31298165
9000 40495500 8999 34021473
9100 41400450 9099 32313540
9200 42315400 9199 33048277
9300 43240350 9299 33696538
9400 44175300 9399 34472543
9500 45120250 9499 35149269
9600 46075200 9599 35884612
9700 47040150 9699 36984317
9800 48015100 9799 37501417
9900 49000050 9899 38057838
10000 49995000 9999 38844050
100 4950 99 12750
200 19900 199 31418
300 44850 299 56646
400 79800 399 88128
500 124750 499 128655
600 179700 599 176927
700 244650 699 235360
800 319600 799 295828
900 404550 899 366854
1000 499500 999 452480
1100 604450 1099 533133
1200 719400 1199 631015
1300 844350 1299 737665
1400 979300 1399 842975
1500 1124250 1499 958119
1600 1279200 1599 1092425
1700 1444150 1699 1220065
1800 1619100 1799 1362882
1900 1804050 1899 1578124
2000 1999000 1999 1690823
2100 2203950 2099 1982393
2200 2418900 2199 2186864
2300 2643850 2299 3525563
2400 2878800 2399 2796739
2500 3123750 2499 2645700
2600 3378700 2599 2797119
2700 3643650 2699 3037313
2800 3918600 2799 3243706
2900 4203550 2899 3457539
3000 4498500 2999 3739297
3100 4803450 3099 4047354
3200 5118400 3199 4200896
3300 5443350 3299 4472688
3400 5778300 3399 4762078
3500 6123250 3499 9244615
3600 6478200 3599 9290734
3700 6843150 3699 5569389
3800 7218100 3799 5805794
3900 7603050 3899 6077724
4000 7998000 3999 6391348
4100 8402950 4099 6693410
4200 8817900 4199 7026013
4300 9242850 4299 7362507
4400 9677800 4399 7721521
4500 10122750 4499 8630796
4600 10577700 4599 8769961
4700 11042650 4699 9876847
4800 11517600 4799 9709128
4900 12002550 4899 9538429
5000 12497500 4999 10002474
5100 13002450 5099 10318366
5200 13517400 5199 10994045
5300 14042350 5299 11173868
5400 14577300 5399 11585133
5500 15122250 5499 12005306
5600 15677200 5599 12842807
5700 16242150 5699 13630804
5800 16817100 5799 13286307
5900 17402050 5899 13747937
6000 17997000 5999 14190067
6100 18601950 6099 14733767
6200 19216900 6199 15154147
6300 19841850 6299 15593523
6400 20476800 6399 16129514
6500 21121750 6499 16621793
6600 21776700 6599 17117765
6700 22441650 6699 17610484
6800 23116600 6799 18114424
6900 23801550 6899 19009317
7000 24496500 6999 20063288
7100 25201450 7099 19810445
7200 25916400 7199 20316730
7300 26641350 7299 20930789
7400 27376300 7399 21484123
7500 28121250 7499 22049851
7600 28876200 7599 22640664
7700 29641150 7699 36967193
7800 30416100 7799 31035852
7900 31201050 7899 24493159
8000 31996000 7999 25463221
8100 32800950 8099 25668441
8200 33615900 8199 27205431
8300 34440850 8299 27697788
8400 35275800 8399 27749791
8500 36120750 8499 31369119
8600 36975700 8599 28856843
8700 37840650 8699 29528447
8800 38715600 8799 30363169
8900 39600550 8899 30880769
9000 40495500 8999 33019466
9100 41400450 9099 35188283
9200 42315400 9199 33709969
9300 43240350 9299 36600714
9400 44175300 9399 34465023
9500 45120250 9499 35896415
9600 46075200 9599 36039483
9700 47040150 9699 36649173
9800 48015100 9799 37449224
9900 49000050 9899 38208028
10000 49995000 9999 38833360
100 4950 99 13606
200 19900 199 31674
300 44850 299 55873
400 79800 399 87667
500 124750 499 130192
600 179700 599 262132
700 244650 699 302312
800 319600 799 361374
900 404550 899 477676
1000 499500 999 579111
1100 604450 1099 618031
1200 719400 1199 713828
1300 844350 1299 811044
1400 979300 1399 925939
1500 1124250 1499 1022746
1600 1279200 1599 1102903
1700 1444150 1699 1221245
1800 1619100 1799 1401075
1900 1804050 1899 1668365
2000 1999000 1999 1728966
2100 2203950 2099 1959132
2200 2418900 2199 2376184
2300 2643850 2299 2254651
2400 2878800 2399 2432278
2500 3123750 2499 2623544
2600 3378700 2599 2781389
2700 3643650 2699 3019881
2800 3918600 2799 3229003
2900 4203550 2899 3472427
3000 4498500 2999 3748066
3100 4803450 3099 3943287
3200 5118400 3199 4188199
3300 5443350 3299 4428044
3400 5778300 3399 8388033
3500 6123250 3499 9281610
3600 6478200 3599 9726061
3700 6843150 3699 6524600
3800 7218100 3799 5828117
3900 7603050 3899 6134459
4000 7998000 3999 6455224
4100 8402950 4099 6752704
4200 8817900 4199 7077099
4300 9242850 4299 7417367
4400 9677800 4399 9638415
4500 10122750 4499 8226409
4600 10577700 4599 8427664
4700 11042650 4699 8770070
4800 11517600 4799 9146520
4900 12002550 4899 9520780
5000 12497500 4999 9915828
5100 13002450 5099 11152553
5200 13517400 5199 10925259
5300 14042350 5299 11162027
5400 14577300 5399 11627646
5500 15122250 5499 11982551
5600 15677200 5599 12421433
5700 16242150 5699 13115941
5800 16817100 5799 13313819
5900 17402050 5899 15751665
6000 17997000 5999 14288877
6100 18601950 6099 15841808
6200 19216900 6199 15206758
6300 19841850 6299 19156540
6400 20476800 6399 16137636
6500 21121750 6499 18149475
6600 21776700 6599 17194682
6700 22441650 6699 17662825
6800 23116600 6799 18208069
6900 23801550 6899 19960618
7000 24496500 6999 19247045
7100 25201450 7099 19811025
7200 25916400 7199 20337663
7300 26641350 7299 20946039
7400 27376300 7399 21477942
7500 28121250 7499 22031755
7600 28876200 7599 22714425
7700 29641150 7699 23335386
7800 30416100 7799 24346713
7900 31201050 7899 24559203
8000 31996000 7999 25064205
8100 32800950 8099 26339665
8200 33615900 8199 26312963
8300 34440850 8299 26922760
8400 35275800 8399 27877889
8500 36120750 8499 28329466
8600 36975700 8599 30599634
8700 37840650 8699 30546459
8800 38715600 8799 30433324
8900 39600550 8899 30902278
9000 40495500 8999 35847343
9100 41400450 9099 33760553
9200 42315400 9199 35465461
9300 43240350 9299 33770642
9400 44175300 9399 49795890
9500 45120250 9499 56274627
9600 46075200 9599 49840413
9700 47040150 9699 38029069
9800 48015100 9799 37581664
9900 49000050 9899 38705966
10000 49995000 9999 38921583
100 4950 99 12585
200 19900 199 31738
300 44850 299 56262
400 79800 399 88307
500 124750 499 129381
600 179700 599 176623
700 244650 699 235290
800 319600 799 296262
900 404550 899 368936
1000 499500 999 450263
1100 604450 1099 541378
1200 719400 1199 629401
1300 844350 1299 736486
1400 979300 1399 839263
1500 1124250 1499 962686
1600 1279200 1599 1083571
1700 1444150 1699 1221458
1800 1619100 1799 1432939
1900 1804050 1899 1551544
2000 1999000 1999 1713867
2100 2203950 2099 1860574
2200 2418900 2199 2031904
2300 2643850 2299 2209509
2400 2878800 2399 2364063
2500 3123750 2499 2633366
2600 3378700 2599 2851588
2700 3643650 2699 2988445
2800 3918600 2799 3186959
2900 4203550 2899 3417521
3000 4498500 2999 3641063
3100 4803450 3099 3925120
3200 5118400 3199 5080782
3300 5443350 3299 6720933
3400 5778300 3399 4684233
3500 6123250 3499 5129904
3600 6478200 3599 8505725
3700 6843150 3699 5539334
3800 7218100 3799 5923216
3900 7603050 3899 6464172
4000 7998000 3999 6400531
4100 8402950 4099 6865824
4200 8817900 4199 7091600
4300 9242850 4299 8183783
4400 9677800 4399 7711853
4500 10122750 4499 8807444
4600 10577700 4599 8466893
4700 11042650 4699 8829016
4800 11517600 4799 9214193
4900 12002550 4899 9560456
5000 12497500 4999 9958124
5100 13002450 5099 10349682
5200 13517400 5199 14215148
5300 14042350 5299 17529082
5400 14577300 5399 17180221
5500 15122250 5499 18423727
5600 15677200 5599 19492159
5700 16242150 5699 19887143
5800 16817100 5799 20718002
5900 17402050 5899 21666699
6000 17997000 5999 14215100
6100 18601950 6099 14673866
6200 19216900 6199 15454216
6300 19841850 6299 15925048
6400 20476800 6399 17162541
6500 21121750 6499 26933532
6600 21776700 6599 17289494
6700 22441650 6699 18799955
6800 23116600 6799 18819709
6900 23801550 6899 19313926
7000 24496500 6999 29650784
7100 25201450 7099 26955082
7200 25916400 7199 27782056
7300 26641350 7299 25425986
7400 27376300 7399 24753946
7500 28121250 7499 24112620
7600 28876200 7599 28078642
7700 29641150 7699 23209859
7800 30416100 7799 24591361
7900 31201050 7899 24782007
8000 31996000 7999 25313705
8100 32800950 8099 26903595
8200 33615900 8199 26301914
8300 34440850 8299 27012109
8400 35275800 8399 28053626
8500 36120750 8499 29989124
8600 36975700 8599 34918758
8700 37840650 8699 30560200
8800 38715600 8799 31111530
8900 39600550 8899 32305982
9000 40495500 8999 31689303
9100 41400450 9099 32293534
9200 42315400 9199 42024588
9300 43240350 9299 33745445
9400 44175300 9399 36032009
9500 45120250 9499 39389273
9600 46075200 9599 67834299
9700 47040150 9699 38969074
9800 48015100 9799 38887763
9900 49000050 9899 38189398
10000 49995000 9999 40439021
100 4950 99 9628
200 19900 199 40115
300 44850 299 80754
400 79800 399 131862
500 124750 499 176275
600 179700 599 191678
700 244650 699 232036
800 319600 799 301805
900 404550 899 378559
1000 499500 999 470731
1100 604450 1099 583215
1200 719400 1199 665878
1300 844350 1299 878394
1400 979300 1399 882034
1500 1124250 1499 959148
1600 1279200 1599 1137695
1700 1444150 1699 1254426
1800 1619100 1799 1400119
1900 1804050 1899 1549142
2000 1999000 1999 1700222
2100 2203950 2099 1910810
2200 2418900 2199 2072834
2300 2643850 2299 2176846
2400 2878800 2399 2405523
2500 3123750 2499 2589038
2600 3378700 2599 2806760
2700 3643650 2699 3011097
2800 3918600 2799 3231371
2900 4203550 2899 3454812
3000 4498500 2999 3691727
3100 4803450 3099 3924515
3200 5118400 3199 4243524
3300 5443350 3299 4457978
3400 5778300 3399 4864678
3500 6123250 3499 5066922
3600 6478200 3599 5259376
3700 6843150 3699 5539386
3800 7218100 3799 5843330
3900 7603050 3899 7152070
4000 7998000 3999 6758742
4100 8402950 4099 7029674
4200 8817900 4199 7712263
4300 9242850 4299 8590591
4400 9677800 4399 8189058
4500 10122750 4499 8234071
4600 10577700 4599 8467252
4700 11042650 4699 9626201
4800 11517600 4799 9212987
4900 12002550 4899 9569322
5000 12497500 4999 11667215
5100 13002450 5099 11109050
5200 13517400 5199 11529135
5300 14042350 5299 11907170
5400 14577300 5399 18787337
5500 15122250 5499 14868287
5600 15677200 5599 12776594
5700 16242150 5699 13114422
5800 16817100 5799 15734086
5900 17402050 5899 14813816
6000 17997000 5999 15099661
6100 18601950 6099 15800367
6200 19216900 6199 16147930
6300 19841850 6299 16437779
6400 20476800 6399 16200090
6500 21121750 6499 17440137
6600 21776700 6599 17790855
6700 22441650 6699 18691935
6800 23116600 6799 18539488
6900 23801550 6899 18722881
7000 24496500 6999 19503952
7100 25201450 7099 19967608
7200 25916400 7199 20335584
7300 26641350 7299 21289855
7400 27376300 7399 21847406
7500 28121250 7499 22489850
7600 28876200 7599 23697515
7700 29641150 7699 23351669
7800 30416100 7799 23816706
7900 31201050 7899 27408953
8000 31996000 7999 26468740
8100 32800950 8099 26942620
8200 33615900 8199 27301396
8300 34440850 8299 27048160
8400 35275800 8399 28892017
8500 36120750 8499 32842701
8600 36975700 8599 31823078
8700 37840650 8699 32408901
8800 38715600 8799 32475468
8900 39600550 8899 32432323
9000 40495500 8999 34099491
9100 41400450 9099 33546324
9200 42315400 9199 35603138
9300 43240350 9299 36467533
9400 44175300 9399 36975724
9500 45120250 9499 37786459
9600 46075200 9599 38786895
9700 47040150 9699 36723227
9800 48015100 9799 40805038
9900 49000050 9899 51983950
10000 49995000 9999 52912188
100 4950 99 10958
200 19900 199 34246
300 44850 299 68122
400 79800 399 141459
500 124750 499 206376
600 179700 599 314724
700 244650 699 296899
800 319600 799 421051
900 404550 899 593926
1000 499500 999 724895
1100 604450 1099 838424
1200 719400 1199 961024
1300 844350 1299 809320
1400 979300 1399 996191
1500 1124250 1499 1371167
1600 1279200 1599 1544873
1700 1444150 1699 2153440
1800 1619100 1799 2484759
1900 1804050 1899 2045019
2000 1999000 1999 2439771
2100 2203950 2099 2572646
2200 2418900 2199 2078525
2300 2643850 2299 2260480
2400 2878800 2399 2934214
2500 3123750 2499 2819366
2600 3378700 2599 2931327
2700 3643650 2699 4119444
2800 3918600 2799 3470127
2900 4203550 2899 4441907
3000 4498500 2999 4100533
3100 4803450 3099 5432240
3200 5118400 3199 4678324
3300 5443350 3299 6322847
3400 5778300 3399 5107406
3500 6123250 3499 5547333
3600 6478200 3599 7269747
3700 6843150 3699 7395778
3800 7218100 3799 6430227
3900 7603050 3899 8089852
4000 7998000 3999 8815928
4100 8402950 4099 8453346
4200 8817900 4199 9425331
4300 9242850 4299 9141053
4400 9677800 4399 9871565
4500 10122750 4499 8826787
4600 10577700 4599 8727004
4700 11042650 4699 8846483
4800 11517600 4799 9248845
4900 12002550 4899 9604525
5000 12497500 4999 10543766
5100 13002450 5099 10361809
5200 13517400 5199 10740176
5300 14042350 5299 11151395
5400 14577300 5399 11560134
5500 15122250 5499 11991048
5600 15677200 5599 12868449
5700 16242150 5699 12824702
5800 16817100 5799 13472511
5900 17402050 5899 13753720
6000 17997000 5999 14259824
6100 18601950 6099 15628882
6200 19216900 6199 16076788
6300 19841850 6299 16327634
6400 20476800 6399 17639689
6500 21121750 6499 18611319
6600 21776700 6599 18350839
6700 22441650 6699 18746805
6800 23116600 6799 23584232
6900 23801550 6899 20399834
7000 24496500 6999 30359718
7100 25201450 7099 22106627
7200 25916400 7199 20823656
7300 26641350 7299 23931598
7400 27376300 7399 22810741
7500 28121250 7499 22082547
7600 28876200 7599 22673972
7700 29641150 7699 24544977
7800 30416100 7799 24508719
7900 31201050 7899 25022482
8000 31996000 7999 25910218
8100 32800950 8099 27409416
8200 33615900 8199 26515541
8300 34440850 8299 27461138
8400 35275800 8399 27650475
8500 36120750 8499 29976828
8600 36975700 8599 31108236
8700 37840650 8699 31319757
8800 38715600 8799 30965213
8900 39600550 8899 32908351
9000 40495500 8999 33137825
9100 41400450 9099 36873356
9200 42315400 9199 34386080
9300 43240350 9299 35054505
9400 44175300 9399 35315456
9500 45120250 9499 36731636
9600 46075200 9599 36889069
9700 47040150 9699 38916530
9800 48015100 9799 57846662
9900 49000050 9899 60837167
10000 49995000 9999 41901864
100 4950 99 9370
200 19900 199 39099
300 44850 299 82278
400 79800 399 133084
500 124750 499 184781
600 179700 599 230160
700 244650 699 350341
800 319600 799 429718
900 404550 899 518591
1000 499500 999 605460
1100 604450 1099 621353
1200 719400 1199 821998
1300 844350 1299 949583
1400 979300 1399 1047694
1500 1124250 1499 1170200
1600 1279200 1599 1283879
1700 1444150 1699 1388074
1800 1619100 1799 1486481
1900 1804050 1899 1687600
2000 1999000 1999 1851710
2100 2203950 2099 2023300
2200 2418900 2199 2161557
2300 2643850 2299 2335893
2400 2878800 2399 2579104
2500 3123750 2499 2727137
2600 3378700 2599 2981376
2700 3643650 2699 3122963
2800 3918600 2799 3578034
2900 4203550 2899 3651570
3000 4498500 2999 5856291
3100 4803450 3099 4978412
3200 5118400 3199 4245572
3300 5443350 3299 4473929
3400 5778300 3399 4852052
3500 6123250 3499 5165837
3600 6478200 3599 5563717
3700 6843150 3699 5827758
3800 7218100 3799 5978729
3900 7603050 3899 6270333
4000 7998000 3999 6590136
4100 8402950 4099 8645921
4200 8817900 4199 9942669
4300 9242850 4299 7809756
4400 9677800 4399 8061898
4500 10122750 4499 8401761
4600 10577700 4599 8882929
4700 11042650 4699 9102748
4800 11517600 4799 9555305
4900 12002550 4899 11727887
5000 12497500 4999 10259034
5100 13002450 5099 10571994
5200 13517400 5199 12245434
5300 14042350 5299 11445490
5400 14577300 5399 11641484
5500 15122250 5499 19300469
5600 15677200 5599 12470940
5700 16242150 5699 24087615
5800 16817100 5799 13455610
5900 17402050 5899 14800442
6000 17997000 5999 14562777
6100 18601950 6099 14958509
6200 19216900 6199 15494719
6300 19841850 6299 15698064
6400 20476800 6399 16272538
6500 21121750 6499 17186166
6600 21776700 6599 17228711
6700 22441650 6699 18550150
6800 23116600 6799 18372434
6900 23801550 6899 18783742
7000 24496500 6999 19264239
7100 25201450 7099 21277886
7200 25916400 7199 20453350
7300 26641350 7299 20911918
7400 27376300 7399 22130835
7500 28121250 7499 22052227
7600 28876200 7599 22697324
7700 29641150 7699 23630247
7800 30416100 7799 23908352
7900 31201050 7899 25416100
8000 31996000 7999 25465991
8100 32800950 8099 25787435
8200 33615900 8199 27187924
8300 34440850 8299 26962793
8400 35275800 8399 28522993
8500 36120750 8499 34669373
8600 36975700 8599 30114581
8700 37840650 8699 31045554
8800 38715600 8799 32087807
8900 39600550 8899 33251682
9000 40495500 8999 32178260
9100 41400450 9099 33469144
9200 42315400 9199 33080058
9300 43240350 9299 38592752
9400 44175300 9399 34505075
9500 45120250 9499 35352126
9600 46075200 9599 35981035
9700 47040150 9699 36911988
9800 48015100 9799 37688090
9900 49000050 9899 38346024
10000 49995000 9999 40894085
