100 4950 99 1539118
200 19900 199 748994
300 44850 299 7489161
400 79800 399 18136191
500 124750 499 390121
600 179700 599 514047
700 244650 699 642513
800 319600 799 819405
900 404550 899 986837
1000 499500 999 1195842
1100 604450 1099 1035540
1200 719400 1199 1187242
1300 844350 1299 23767844
1400 979300 1399 1645902
1500 1124250 1499 1819911
1600 1279200 1599 2058014
1700 1444150 1699 6282796
1800 1619100 1799 22962754
1900 1804050 1899 2942006
2000 1999000 1999 3241177
2100 2203950 2099 3562688
2200 2418900 2199 3290056
2300 2643850 2299 3562486
2400 2878800 2399 4762608
2500 3123750 2499 13077770
2600 3378700 2599 17117080
2700 3643650 2699 10395629
2800 3918600 2799 15933340
2900 4203550 2899 19450036
3000 4498500 2999 13092148
3100 4803450 3099 14046989
3200 5118400 3199 9092627
3300 5443350 3299 9494742
3400 5778300 3399 10077924
3500 6123250 3499 18170234
3600 6478200 3599 34281945
3700 6843150 3699 23761966
3800 7218100 3799 29269879
3900 7603050 3899 15984579
4000 7998000 3999 22606020
4100 8402950 4099 24858227
4200 8817900 4199 15529148
4300 9242850 4299 17943375
4400 9677800 4399 22489439
4500 10122750 4499 67866104
4600 10577700 4599 29116052
4700 11042650 4699 33197535
4800 11517600 4799 42075973
4900 12002550 4899 39497849
5000 12497500 4999 24010649
5100 13002450 5099 30553468
5200 13517400 5199 36241653
5300 14042350 5299 63325248
5400 14577300 5399 89090350
5500 15122250 5499 66560248
5600 15677200 5599 26208625
5700 16242150 5699 38092185
5800 16817100 5799 104765782
5900 17402050 5899 122848379
6000 17997000 5999 107433879
6100 18601950 6099 75190177
6200 19216900 6199 96875632
6300 19841850 6299 43575274
6400 20476800 6399 34105850
6500 21121750 6499 25546199
6600 21776700 6599 33043058
6700 22441650 6699 60880253
6800 23116600 6799 33745543
6900 23801550 6899 34314065
7000 24496500 6999 35446670
7100 25201450 7099 35200321
7200 25916400 7199 35496389
7300 26641350 7299 44636525
7400 27376300 7399 33963943
7500 28121250 7499 43840959
7600 28876200 7599 45007775
7700 29641150 7699 40878352
7800 30416100 7799 44007296
7900 31201050 7899 42745269
8000 31996000 7999 45639452
8100 32800950 8099 48115703
8200 33615900 8199 59086351
8300 34440850 8299 59728667
8400 35275800 8399 32552694
8500 36120750 8499 33740063
8600 36975700 8599 34350906
8700 37840650 8699 35662031
8800 38715600 8799 35709054
8900 39600550 8899 41649033
9000 40495500 8999 37983547
9100 41400450 9099 36834270
9200 42315400 9199 38949371
9300 43240350 9299 43734575
9400 44175300 9399 76748695
9500 45120250 9499 135273103
9600 46075200 9599 135616177
9700 47040150 9699 164051811
9800 48015100 9799 100349097
9900 49000050 9899 117090244
10000 49995000 9999 79472760
